4.495230197906494
5.059389591217041
5.363896369934082
5.371625900268555
5.478578567504883
4.51220178604126
5.129640579223633
4.520104885101318
5.245377540588379
4.6263298988342285
5.33651876449585
5.486916542053223
5.54461145401001
5.590230464935303
5.608273983001709
4.39646577835083
4.98214054107666
5.0615410804748535
5.200310707092285
5.165773391723633
5.117236614227295
5.135176181793213
4.532980442047119
0.8809492588043213
0.9057480692863464
0.8563072681427002
0.9855164289474487
0.9733175039291382
0.9701371788978577
0.9896024465560913
1.0355771780014038
0.9917600154876709
0.9906410574913025
0.9909592866897583
0.9979740381240845
0.9960479140281677
0.9625799059867859
0.9654241800308228
0.9713950753211975
0.8775666356086731
0.9282256364822388
0.8928540349006653
0.9608203768730164
0.851980447769165
0.878304660320282
0.8726348280906677
0.857280969619751
0.8253943920135498
0.8300290703773499
0.7609267234802246
0.8738646507263184
0.8280353546142578
0.8120051026344299
0.7692550420761108
0.7186883091926575
0.667803943157196
0.5702604055404663
0.8604832291603088
1.0149937868118286
0.9662284851074219
0.9435253143310547
0.9886651039123535
0.9458106756210327
1.0127391815185547
1.033745288848877
0.9924126267433167
1.027225375175476
1.0253722667694092
1.0194834470748901
0.8964800834655762
0.9654904007911682
0.9237967133522034
0.8786614537239075
0.9549356698989868
0.8925201892852783
0.8769168853759766
0.9033184051513672
0.84903484582901
0.940565824508667
0.8918112516403198
0.9857639074325562
0.8571099042892456
0.7618169188499451
0.8505064845085144
0.8656541109085083
0.7242037653923035
0.7376886606216431
0.6542587876319885
0.6010001301765442
0.8894625902175903
0.9726741313934326
0.9894893765449524
0.9798833131790161
1.002065658569336
0.9979318380355835
0.9305064082145691
0.9378169178962708
0.9421321153640747
0.9610134959220886
0.9697035551071167
0.977035403251648
0.95164555311203
0.9543907046318054
0.8742893934249878
0.9809198975563049
0.9630279541015625
0.9210523366928101
0.9827422499656677
0.9393171072006226
0.8898082375526428
0.9657455086708069
0.9236578941345215
0.9177518486976624
0.9325618743896484
0.8317363262176514
0.8643640875816345
0.8170526623725891
0.704243004322052
0.9874687194824219
0.7201821208000183
0.5226848125457764
0.8359956741333008
0.9526167511940002
0.9998926520347595
1.0306565761566162
1.0122276544570923
1.0360679626464844
1.0100690126419067
0.982318639755249
1.0188688039779663
0.9937794208526611
0.9572259187698364
0.9533928632736206
0.981955349445343
0.9348467588424683
0.9397125244140625
0.9588677883148193
0.9495184421539307
0.9740470051765442
0.9430309534072876
0.8264201283454895
0.9008306264877319
0.8468070030212402
0.8719432950019836
0.939659595489502
0.8473957777023315
0.861939549446106
0.7376606464385986
0.875494122505188
0.7674359083175659
0.7128930687904358
0.6873112320899963
0.4904746413230896
0.8677024245262146
1.0172747373580933
0.9372244477272034
1.0100635290145874
1.0047374963760376
1.0325932502746582
0.9505127668380737
1.004198670387268
0.9496100544929504
0.9887721538543701
1.0223722457885742
0.9839227199554443
0.9528741836547852
0.9350152015686035
1.036353349685669
0.9883869886398315
0.9070553779602051
0.9855978488922119
0.9417524933815002
1.0555543899536133
0.9416765570640564
1.0522652864456177
1.025610327720642
0.9837130308151245
0.9287624359130859
1.0076721906661987
0.9343752264976501
0.9155696034431458
1.0061681270599365
0.94875168800354
0.9706752896308899
0.9592655301094055
0.8769006729125977
0.9576672911643982
0.9271232485771179
0.9164296388626099
0.9336814284324646
0.8599959015846252
0.9104164838790894
0.901155948638916
0.8000426888465881
0.8168042302131653
0.8354784846305847
0.7762179374694824
0.7667480111122131
0.696182370185852
0.562986433506012
0.672600269317627
0.8874814510345459
0.9507940411567688
0.963467001914978
0.9558385014533997
0.9509508013725281
1.0436444282531738
1.0506081581115723
1.0073117017745972
1.0820204019546509
1.0042369365692139
0.9698840379714966
1.004502296447754
0.9357016682624817
0.8905616998672485
0.92843097448349
0.9144037365913391
1.0034772157669067
0.8717607855796814
0.9119099378585815
0.8503086566925049
0.9436126351356506
0.9323232769966125
0.865380585193634
0.9317619204521179
0.7848458290100098
0.8020727038383484
0.76628577709198
0.8254473209381104
0.7450166940689087
0.678242564201355
0.6906877756118774
0.583038330078125
0.9002142548561096
0.9785837531089783
0.9745258092880249
1.0033345222473145
0.9676803350448608
0.9551555514335632
0.9791651368141174
1.0358004570007324
0.889513373374939
1.0075814723968506
0.9956443309783936
0.9791142344474792
0.9422464966773987
0.9383019804954529
0.9325618147850037
0.9534780383110046
0.941217839717865
0.9026919007301331
0.8722550868988037
0.8205772638320923
0.8743154406547546
0.8861100077629089
0.864440381526947
0.8148892521858215
0.8000356554985046
0.8350523114204407
0.77511066198349
0.8434348106384277
0.7265413999557495
0.9574273228645325
0.6510228514671326
0.5063095092773438
0.8634663820266724
0.9503403902053833
1.012317180633545
0.9645974040031433
0.9967434406280518
1.0003854036331177
0.9513453841209412
0.9790317416191101
1.0374175310134888
0.903425395488739
1.0414201021194458
0.9710192680358887
0.9327463507652283
0.9389650821685791
0.9510774612426758
0.9553753733634949
0.9891796112060547
0.9019123911857605
0.8985632658004761
0.844657838344574
0.8715968132019043
0.8302199840545654
0.9665355086326599
0.8193477988243103
0.9254103302955627
0.823103129863739
0.7860994338989258
0.8124766945838928
0.7131741046905518
0.6699897050857544
0.6376175880432129
0.5772591233253479
0.8434377908706665
0.8917874097824097
0.9809978604316711
1.0206010341644287
0.9632818698883057
1.031805157661438
0.9839028120040894
1.0479965209960938
0.9826188683509827
0.998637855052948
0.9236918091773987
1.0384334325790405
0.9228653907775879
0.9902908205986023
0.875400722026825
0.9707493782043457
0.936701238155365
0.9532787799835205
0.8158611059188843
0.8540033102035522
0.9165762662887573
0.8724939227104187
0.8800521492958069
0.9054495692253113
0.8478802442550659
0.8814615607261658
0.7933653593063354
0.7684509754180908
0.7478480339050293
0.7371594309806824
0.6796987056732178
0.5754719376564026
0.8987743258476257
0.9592080116271973
0.9789435267448425
1.003085732460022
1.025002360343933
1.05210280418396
0.9620885848999023
0.9746222496032715
0.9428181648254395
1.01092529296875
0.9528798460960388
0.9984567761421204
0.8988476991653442
0.9612058997154236
0.916654646396637
0.9598857164382935
0.9887608289718628
0.8746201992034912
0.876274049282074
0.8502291440963745
0.9277873039245605
0.9488298892974854
0.8360167145729065
0.9957818984985352
0.8088970184326172
0.8909609317779541
0.8719626069068909
0.8068925142288208
0.7641665935516357
0.6740521192550659
0.7264503240585327
0.4969090521335602
0.8388441205024719
1.0033854246139526
0.9130491614341736
0.9681570529937744
0.9194130897521973
1.0651720762252808
1.0665104389190674
0.9822084307670593
0.9161825776100159
0.9833800792694092
0.9729738831520081
0.9234315156936646
1.0256999731063843
0.9694162011146545
0.8839911818504333
0.9627134203910828
0.9680657982826233
0.9752426743507385
0.8430271744728088
0.8071846961975098
0.9669261574745178
0.9191860556602478
0.7987298965454102
0.9254001975059509
0.8180251121520996
0.870116114616394
0.7437288761138916
0.8296880125999451
0.8122379779815674
0.7134830951690674
0.7034971117973328
0.6013467907905579
0.9204970002174377
0.9752469658851624
0.9629821181297302
0.9558139443397522
0.9927501082420349
0.9883653521537781
0.9650657773017883
1.0250136852264404
0.9837218523025513
0.9594144225120544
0.9863689541816711
0.9724844694137573
0.9316456317901611
0.9756054878234863
0.928959846496582
0.9643129706382751
0.9721766710281372
0.9220396876335144
0.9564763903617859
0.9250565767288208
0.8666645884513855
0.9420733451843262
0.8872753381729126
0.8285199999809265
0.8781596422195435
0.7477017045021057
0.7881534695625305
0.7739999294281006
0.8402536511421204
0.7296407222747803
0.7955027222633362
0.5516325831413269
0.8592891693115234
0.9716132283210754
0.9878842234611511
0.9668888449668884
1.0150052309036255
0.986480176448822
1.010988712310791
1.0332595109939575
1.0324618816375732
0.9563381671905518
1.064875602722168
0.9487080574035645
0.9061701893806458
0.9785751700401306
0.9555168151855469
0.8963750004768372
1.0170961618423462
0.9511419534683228
0.9044526815414429
0.8814793825149536
0.9545309543609619
0.8647890686988831
0.9256100058555603
0.8743484020233154
0.8714063167572021
0.8506172299385071
0.8325086832046509
0.767119824886322
0.7264144420623779
0.7846077680587769
0.7638299465179443
0.5899856686592102
0.9293633699417114
0.9988088607788086
0.9329313635826111
1.019723653793335
1.083553433418274
1.0379105806350708
1.0149692296981812
1.0179282426834106
0.9792412519454956
1.0026262998580933
0.9526183605194092
0.9887146949768066
0.9507434964179993
0.9697036743164062
0.9663112163543701
0.928206205368042
0.8951608538627625
0.8769907355308533
0.9420916438102722
0.9212115406990051
0.8310937881469727
0.9157807230949402
0.8894647359848022
0.8712776303291321
0.8592867255210876
0.9248608946800232
0.8496608734130859
0.8694097995758057
0.7445158958435059
0.7003706097602844
0.6757270693778992
0.5831767916679382
0.8747859001159668
0.9550785422325134
0.9848745465278625
0.9904888272285461
1.0444072484970093
1.0398989915847778
0.9503145217895508
1.039285659790039
1.023250699043274
0.954632043838501
0.9524626731872559
0.936491847038269
0.9747470617294312
0.947604238986969
0.9390068650245667
0.8782863616943359
0.9751700758934021
0.8842992186546326
0.9547199010848999
0.9401705861091614
0.9253358244895935
0.9896938800811768
0.8492475748062134
0.8972316980361938
0.797275185585022
0.8432086706161499
0.8898530602455139
0.8375990986824036
0.7815818190574646
0.7166035175323486
0.6655804514884949
0.5645837187767029
0.9096468687057495
0.9690071940422058
1.0129749774932861
1.0245922803878784
0.967129647731781
1.0359859466552734
0.9784120917320251
0.9627520442008972
1.008319616317749
1.0242393016815186
1.1008189916610718
0.9624494314193726
1.0576632022857666
0.9439761638641357
1.0348032712936401
0.9520196318626404
0.984442949295044
0.9915848970413208
0.9037270545959473
0.9369876980781555
0.9199835062026978
0.8710116147994995
0.9062697291374207
0.8532236218452454
0.7946730852127075
0.8920662999153137
0.8615627288818359
0.7771984934806824
0.6913616061210632
0.6851599216461182
0.7235879302024841
0.5887203216552734
0.8287497162818909
0.9233387112617493
0.9348900318145752
0.9526170492172241
0.956411600112915
1.0274317264556885
0.9716436862945557
0.975736677646637
0.9776068925857544
1.0266296863555908
0.9753901958465576
0.9169391989707947
0.9129279255867004
0.9233905673027039
0.930101752281189
0.9125994443893433
0.9461604952812195
0.8828837275505066
0.8747831583023071
0.7996202707290649
0.872559130191803
0.9117142558097839
0.885066568851471
0.7762477397918701
0.842526376247406
0.8130141496658325
0.8175778388977051
0.8352908492088318
0.7058912515640259
0.6600154042243958
0.6698274612426758
0.646095871925354
0.888920247554779
0.8531818985939026
0.9436129331588745
0.9326668381690979
0.9727246165275574
0.9737719297409058
0.9932632446289062
0.9525762796401978
0.920722484588623
1.019368052482605
0.9835984110832214
0.8707666993141174
0.9257562160491943
0.9015552401542664
0.9466831684112549
0.9011702537536621
0.9446748495101929
0.9449652433395386
0.8277183175086975
0.8242039680480957
0.8830485343933105
0.8074738383293152
0.8478944301605225
0.8155261874198914
0.9017053842544556
0.825670063495636
0.8073036670684814
0.7613796591758728
0.7769395112991333
0.9591715335845947
0.7130172252655029
0.5437617301940918
0.8876111507415771
0.9475257992744446
0.9410678148269653
0.9456105828285217
0.9527119398117065
0.9796457886695862
0.9838763475418091
0.9514703154563904
0.9496212601661682
0.93956458568573
0.9702642560005188
0.9287164807319641
0.9760647416114807
0.9504729509353638
0.8828243613243103
0.9425720572471619
0.9277985692024231
0.9173312783241272
0.929768443107605
0.8241151571273804
0.8395860195159912
0.9476000070571899
0.8735569715499878
0.8568640351295471
0.7768114805221558
0.8378913402557373
0.8413164615631104
0.8356806039810181
0.7248013019561768
0.7094879150390625
0.7019708752632141
0.5793982148170471
0.8543869853019714
0.9826411008834839
0.9381911754608154
1.0017223358154297
1.049222707748413
0.9771820306777954
0.9759891629219055
1.0232621431350708
0.9311922192573547
0.9730786681175232
0.9506650567054749
0.9463213086128235
0.9159491062164307
0.9473057985305786
0.9276876449584961
0.871375560760498
0.9697356224060059
0.8799219727516174
0.8981696963310242
0.8878104090690613
0.8936501741409302
0.9068602323532104
0.8715998530387878
0.8618255257606506
0.8746669888496399
0.8437877297401428
0.6949552893638611
0.7680650353431702
0.6591224074363708
0.6994518041610718
0.6975379586219788
0.5327244997024536
0.8289051055908203
0.9314861297607422
1.0038714408874512
0.9999564290046692
0.9561792016029358
1.0132771730422974
1.0034399032592773
0.9999165534973145
1.0431275367736816
1.0143588781356812
0.9416761994361877
0.9897118210792542
1.070723533630371
0.9345734715461731
0.9775209426879883
0.9308578968048096
0.9370613098144531
0.915579617023468
0.9093966484069824
0.8892101645469666
0.9310436248779297
0.8944210410118103
0.9100764393806458
0.8590614199638367
0.7663066983222961
0.8346794247627258
0.8088764548301697
0.7688688039779663
0.700320839881897
0.734102725982666
0.6629753112792969
0.5515802502632141
0.9615498781204224
0.9398788213729858
0.9527744650840759
0.9886325001716614
1.0002483129501343
1.035282850265503
1.0748064517974854
1.0886949300765991
0.9613588452339172
0.9587299823760986
0.9757171869277954
0.9510810971260071
0.9896931052207947
0.9677371978759766
0.9590775370597839
0.985883355140686
0.8564710021018982
0.8841572999954224
0.8866283297538757
0.8278367519378662
0.889341413974762
0.8819529414176941
0.8501809239387512
0.9511834383010864
0.7844029664993286
0.8058245778083801
0.8446490168571472
0.804480254650116
0.7735536098480225
0.6964173913002014
0.6430771350860596
0.5615715980529785
0.8669986724853516
0.9927802681922913
0.9925415515899658
0.9738964438438416
0.9602262377738953
0.9034474492073059
1.0365078449249268
1.026461124420166
1.0131076574325562
0.9870868921279907
0.9757553935050964
0.9329279065132141
0.9678300619125366
0.9473781585693359
1.0044492483139038
0.9604804515838623
0.9209020733833313
0.9278959631919861
0.8484054207801819
0.9031862616539001
0.8718520998954773
0.8566245436668396
0.8966237902641296
0.805581271648407
0.8611517548561096
0.7790557742118835
0.7447028160095215
0.738269031047821
0.702161967754364
0.7334938645362854
0.676169216632843
0.5486630201339722
0.834594190120697
1.020748257637024
0.9268823266029358
0.9632284641265869
0.9436360001564026
1.0410255193710327
0.9605311751365662
0.9975800514221191
0.9905186891555786
0.9752447009086609
0.9316322207450867
0.8583459258079529
0.9909071922302246
0.8656085133552551
0.931047797203064
0.934498131275177
0.9117253422737122
0.9309322237968445
0.9086756706237793
0.8501774072647095
0.8883327841758728
0.873038113117218
0.7792686223983765
0.8770395517349243
0.8247650861740112
0.8255412578582764
0.8281214833259583
0.862678050994873
0.7420004606246948
0.7209553122520447
0.6834668517112732
0.5605531334877014
0.9060021638870239
1.0017329454421997
0.9846185445785522
1.03480863571167
0.9816389679908752
1.0285159349441528
0.970374584197998
1.0139074325561523
0.9768939018249512
0.9931198358535767
1.0396161079406738
0.9891769886016846
0.9314261078834534
1.0171918869018555
0.9780003428459167
0.9793034791946411
0.9943505525588989
1.0010939836502075
0.8902235627174377
0.8246674537658691
0.894298255443573
0.8445070385932922
0.8874022960662842
0.8596358895301819
0.9193101525306702
0.853272557258606
0.8642562031745911
0.6983280181884766
0.7747765183448792
0.7017490267753601
0.6720142364501953
0.47242340445518494
0.8838982582092285
0.9844552874565125
0.9802206754684448
0.950912594795227
0.972790002822876
1.0935399532318115
1.030623197555542
1.0347702503204346
0.9605436325073242
1.0278531312942505
1.0257649421691895
0.9690683484077454
0.9467405676841736
0.9883099794387817
0.9688111543655396
0.8792253732681274
0.9338961243629456
0.9061079621315002
0.8726800084114075
0.8632627129554749
0.7990033626556396
0.8590919375419617
0.9074779748916626
0.9247608780860901
0.7656756639480591
0.9184486269950867
0.7689234018325806
0.7635371088981628
0.8267293572425842
0.7810788750648499
0.6904406547546387
0.5815667510032654
0.8643416166305542
0.984700083732605
0.9788593649864197
1.0122113227844238
0.978982150554657
1.053227424621582
1.016703724861145
0.978412926197052
1.0382698774337769
0.9617149233818054
1.0208030939102173
0.9460697770118713
0.9944273829460144
0.9599911570549011
0.9464502930641174
0.979804277420044
0.9100618362426758
0.8749873638153076
0.9095973372459412
0.9369890093803406
0.9020686149597168
0.89231276512146
0.9009973406791687
0.8138691782951355
0.7936242818832397
0.8081971406936646
0.8081105947494507
0.7720994353294373
0.7206466197967529
0.6194827556610107
0.6421099901199341
0.6348671913146973
0.8668456077575684
0.9523648023605347
0.9329940676689148
0.9300187230110168
0.9916684031486511
0.9809620976448059
0.9815235137939453
1.0090810060501099
0.9277148842811584
1.0494379997253418
1.00661301612854
0.9657577276229858
0.9319027662277222
0.9410055875778198
0.9206091165542603
0.9121980667114258
0.8993622064590454
0.9601585268974304
0.8987010717391968
0.9063010811805725
1.0049625635147095
0.9086900949478149
0.8562456965446472
0.8465052843093872
0.8786866068840027
0.8902849555015564
0.8210453391075134
0.7857316732406616
0.7146411538124084
0.6962892413139343
0.6665734648704529
0.5633296370506287
0.8429630994796753
0.9087265133857727
0.904916524887085
0.9369041919708252
0.9148622751235962
0.9730402827262878
0.9770036339759827
0.9627686142921448
0.9532028436660767
1.009448528289795
0.9852984547615051
0.9810479283332825
0.9451853632926941
0.9040440320968628
0.9452816843986511
0.9739261269569397
0.9033384323120117
0.8559232950210571
0.795944333076477
0.8266929984092712
0.844415009021759
0.9253061413764954
0.933198094367981
0.8227409720420837
0.8451281189918518
0.8218820691108704
0.8692913055419922
0.7015902400016785
0.6946415901184082
0.7034361362457275
0.6081590056419373
0.5620779991149902
0.8661672472953796
0.9227844476699829
0.9630634188652039
0.9854198694229126
1.0291746854782104
0.9831755757331848
0.9378864765167236
0.9701815247535706
0.9263813495635986
1.0108144283294678
0.9024932980537415
0.9378847479820251
0.9055718183517456
0.9285266995429993
0.9437634944915771
0.949282169342041
0.9688024520874023
0.8403967618942261
0.8399732708930969
0.9323928356170654
0.8746325969696045
0.8793118000030518
0.8130646347999573
0.827982485294342
0.7840524315834045
0.7598645091056824
0.8417178392410278
0.7215813398361206
0.7027607560157776
0.6352996230125427
0.6638988852500916
0.5633274912834167
0.8359044194221497
0.9632023572921753
0.9360724091529846
0.9559966325759888
0.9270406365394592
0.9869663119316101
0.9382117390632629
0.9481297731399536
0.9205393195152283
0.9910393357276917
0.8997777104377747
0.9544676542282104
0.9070361256599426
0.8457643985748291
0.9084405899047852
0.9461454153060913
0.8930125832557678
0.8832322359085083
0.838918149471283
0.794745683670044
0.833087682723999
0.8233213424682617
0.8324984908103943
0.7900097966194153
0.8420049548149109
0.818815290927887
0.7876253724098206
0.7440136075019836
0.7396087646484375
0.7070759534835815
0.6727047562599182
0.5313587784767151
0.8518500328063965
0.9322175979614258
0.9552463889122009
0.9701551795005798
0.9893500208854675
1.001143217086792
0.9654481410980225
0.960208535194397
0.9247941970825195
0.8864446878433228
0.9641463160514832
0.9408451318740845
0.8965054154396057
0.8894160389900208
0.8851154446601868
0.9146716594696045
0.9168031811714172
0.918657660484314
0.8574395775794983
0.8689048886299133
0.849427342414856
0.841923713684082
0.8573801517486572
0.7961328029632568
0.8004119992256165
0.759876012802124
0.8172181248664856
0.7513499855995178
0.8591545820236206
0.6780924201011658
0.547615110874176
0.5253452062606812
0.9182018637657166
0.952949583530426
0.9401310682296753
0.9016193151473999
0.9751918911933899
1.0061554908752441
0.9912382364273071
0.9413627982139587
0.924662172794342
0.9035946726799011
0.9335659146308899
0.9074879288673401
0.8969217538833618
0.948625385761261
0.9429249167442322
0.9364681243896484
0.893414318561554
0.9317588806152344
0.9138334393501282
0.8549742102622986
0.9243850111961365
0.8888278603553772
0.8223909735679626
0.8252589106559753
0.8411280512809753
0.8249189257621765
0.7182897925376892
0.72359699010849
0.6993475556373596
0.6655529737472534
0.6649639010429382
0.5563512444496155
0.8845812082290649
0.9582663774490356
0.9539526700973511
1.002671718597412
0.9658094048500061
0.9708788394927979
0.9756205081939697
0.9771090745925903
0.9541909694671631
0.9623501300811768
0.9611790776252747
0.9619537591934204
0.9692715406417847
0.9003105759620667
0.9714076519012451
0.9167264699935913
0.9148600101470947
0.906514048576355
0.9118258953094482
0.9671095609664917
0.882179856300354
0.8858601450920105
0.9103096127510071
0.8767914772033691
0.82289719581604
0.7667409181594849
0.7826812863349915
0.7735417485237122
0.7510218024253845
0.6810234189033508
0.6484842300415039
0.5262089371681213
0.8979089856147766
0.9374998807907104
0.9324415326118469
0.9406681656837463
0.9952871203422546
0.9780487418174744
0.9653181433677673
0.9727305173873901
1.0140972137451172
0.9868354201316833
0.9804086685180664
0.913571298122406
0.92253577709198
0.9656420350074768
0.8655353784561157
0.9153640270233154
0.8695385456085205
0.8971985578536987
0.8615351319313049
0.8786036968231201
0.816478967666626
0.8991798758506775
0.854372501373291
0.8484562039375305
0.771746039390564
0.9052218198776245
0.8186123967170715
0.8196940422058105
0.7005128860473633
0.7206647396087646
0.6846582293510437
0.5088825225830078
0.8589698076248169
0.9795061945915222
0.9914782047271729
0.9130696058273315
0.9648230671882629
0.9853653907775879
0.9464870095252991
1.0310865640640259
1.0027986764907837
0.9544184803962708
0.9841342568397522
0.9199785590171814
0.9610779285430908
0.9300458431243896
0.9673207998275757
0.9079753160476685
0.9058256149291992
0.9393572807312012
0.9697784185409546
0.8918225765228271
0.8220206499099731
0.8469229340553284
0.8535041213035583
1.0045135021209717
0.8113380074501038
0.7934788465499878
0.7863782048225403
0.7983818650245667
0.6999363899230957
0.6848081350326538
0.7227819561958313
0.5453179478645325
0.8945630192756653
0.9371047616004944
0.9179871678352356
0.9207859039306641
0.9623274803161621
0.9467704892158508
1.0886701345443726
0.9935095906257629
0.9565052390098572
1.0238662958145142
0.9196760654449463
0.9573943614959717
0.9388831257820129
0.9761788249015808
0.9006847739219666
0.9044663906097412
0.939710259437561
0.860619843006134
0.8738747835159302
0.8718640804290771
0.8674554824829102
0.8972049355506897
0.8953274488449097
0.8734201192855835
0.8641895055770874
0.7810768485069275
0.8405443429946899
0.811173141002655
0.7095203399658203
0.7536300420761108
0.672465443611145
0.5952584743499756
0.8646431565284729
0.9374098181724548
1.0044275522232056
0.9885640740394592
1.004713773727417
0.9838542342185974
0.9860738515853882
1.007912039756775
0.9796080589294434
1.0236163139343262
0.9266055226325989
0.9607267379760742
0.8698539137840271
0.9283462762832642
0.8981281518936157
0.9140880107879639
0.9636291265487671
0.9101732969284058
0.8375135064125061
0.8475863933563232
0.8794986605644226
0.8381551504135132
0.8830722570419312
0.9328963756561279
0.8233190774917603
0.860794723033905
0.7551536560058594
0.7968813180923462
0.7376412749290466
0.7309308648109436
0.6597309708595276
0.5142530798912048
0.8209645748138428
0.9316548109054565
0.9528819918632507
0.9404765367507935
1.032674789428711
1.0170618295669556
0.9426178932189941
1.0134856700897217
1.043975830078125
0.999885082244873
0.9172980785369873
0.9663420915603638
0.9294794797897339
0.964537501335144
0.9435127973556519
0.972480058670044
0.8324289321899414
0.9441706538200378
0.8685352206230164
0.8306707739830017
0.9004532098770142
0.9092053174972534
0.8902226686477661
0.8541540503501892
0.7843801379203796
0.8474194407463074
0.7626389861106873
0.769363284111023
0.7325693964958191
0.7018432021141052
0.9582985043525696
0.4993801712989807
0.8226397633552551
0.9203154444694519
0.9535050392150879
0.9979870319366455
1.0082038640975952
0.9736108183860779
0.9597733616828918
0.9467287659645081
1.0009709596633911
0.9377774596214294
1.0166271924972534
0.9414117932319641
1.0444048643112183
0.9542183876037598
0.9839869141578674
0.871525228023529
0.9153957962989807
0.9162663221359253
0.8736500144004822
0.8659790754318237
0.9146800637245178
1.0001829862594604
0.8257734775543213
0.8467212319374084
0.8480128049850464
0.7643420100212097
0.8552206158638
0.820862352848053
0.6816445589065552
0.6837642192840576
0.7256876826286316
0.5635320544242859
0.8495742678642273
0.9354403614997864
0.9268550872802734
0.9584365487098694
0.9827148914337158
0.9555162191390991
0.9336075186729431
0.9301367998123169
0.9839581251144409
0.9664026498794556
0.9020780324935913
0.8407341241836548
0.9276311993598938
0.9030880331993103
0.9012572169303894
0.910132646560669
0.8934600353240967
0.8078290820121765
0.8117836713790894
0.8168755769729614
0.8356354832649231
0.7909684777259827
0.8117188811302185
0.882975697517395
0.7796745896339417
0.7175111770629883
0.7700785994529724
0.7435306310653687
0.6610366702079773
0.6876512169837952
0.627446174621582
0.5481154322624207
0.844836413860321
0.9534175395965576
0.9318137764930725
0.9293939471244812
0.8796593546867371
0.9664822816848755
0.9301534295082092
0.9378818869590759
0.9270564913749695
0.9697716236114502
0.9250446557998657
0.886042058467865
0.957025945186615
0.8876451849937439
0.8711991310119629
0.871376633644104
0.8735339045524597
0.8507707118988037
0.8427602052688599
0.8941940665245056
0.857184112071991
0.8318297863006592
0.8504253029823303
0.7567346096038818
0.8129820227622986
0.7919778227806091
0.7651865482330322
0.7565581202507019
0.8839051127433777
0.6520614624023438
0.5956611633300781
0.538142204284668
0.7988250255584717
0.9004626274108887
0.9017477035522461
0.9755462408065796
0.9696395397186279
0.9567521810531616
0.9395089149475098
0.9484660625457764
0.9434409737586975
0.9737904667854309
0.8540282845497131
0.9584671258926392
0.9433664083480835
0.904407262802124
0.8825336694717407
0.8865841627120972
0.891848087310791
0.9168047308921814
0.8076981902122498
0.8996570706367493
0.849714994430542
0.8558878302574158
0.8313409686088562
0.9454382658004761
0.7742350697517395
0.7837949395179749
0.75589919090271
0.781162679195404
0.6561040282249451
0.6750810146331787
0.610527515411377
0.5015863180160522
0.8481265902519226
0.920021116733551
0.9150547385215759
0.9300826191902161
0.996444821357727
1.009906530380249
0.9748556017875671
0.9902231097221375
0.9316833019256592
0.9458226561546326
0.928000271320343
0.968111515045166
0.933650553226471
0.889462947845459
0.9427567720413208
0.9069626927375793
0.9053975343704224
0.9031661748886108
0.9074656963348389
0.9031028747558594
0.8117167353630066
0.841307520866394
0.8096862435340881
0.8118752241134644
0.8754397034645081
0.8346801996231079
0.781776487827301
0.7408165335655212
0.7431812882423401
0.6823001503944397
0.6810716390609741
0.5297080278396606
0.8344461917877197
0.8950868844985962
0.9473721385002136
0.9422435164451599
0.9460727572441101
0.9879482388496399
0.9756089448928833
1.0343722105026245
0.9402526617050171
0.9135749936103821
0.9402495622634888
0.9164087772369385
0.8583650588989258
0.9062792062759399
0.9245471954345703
0.8876736164093018
0.9129298329353333
0.9136457443237305
0.8635150790214539
0.8681868314743042
0.8737253546714783
0.8617533445358276
0.8022277355194092
0.805898129940033
0.88365638256073
0.8041317462921143
0.8286224007606506
0.7482506036758423
0.7489887475967407
0.6327515244483948
0.650728166103363
0.557365894317627
0.8365722298622131
0.932979941368103
0.9399417042732239
0.964917004108429
0.9834049940109253
0.9423238039016724
0.9085289239883423
1.044107437133789
1.0132187604904175
0.9520516991615295
0.9668097496032715
0.9108437299728394
0.9150062203407288
0.9026095271110535
0.9149402976036072
0.9523221254348755
0.8665851354598999
0.8616524934768677
0.8567141890525818
0.8108648657798767
0.8409227132797241
0.8944971561431885
0.9140141010284424
0.8779764771461487
0.7584418654441833
0.7640477418899536
0.896117627620697
0.7193954586982727
0.7210863828659058
0.6813597083091736
0.7039937973022461
0.48031821846961975
0.8472355604171753
0.943873941898346
0.9436350464820862
0.9418509602546692
0.975676417350769
0.9720792174339294
0.9436792135238647
0.9764652252197266
0.9440337419509888
0.944892942905426
0.9307053089141846
0.8867472410202026
0.9799071550369263
0.9019918441772461
0.8995136618614197
0.8634787201881409
0.9106218218803406
0.9204217791557312
0.8824613690376282
0.8650774359703064
0.8753001093864441
0.8210369944572449
0.8822470307350159
0.7858829498291016
0.8070122003555298
0.8080775141716003
0.7667108178138733
0.8814457654953003
0.8236513733863831
0.7436109781265259
0.6760702729225159
0.5557721853256226
0.8807330131530762
0.9282605648040771
0.9313728213310242
0.9552868008613586
0.9570490717887878
0.9650968313217163
0.9715985655784607
1.06972074508667
0.936360239982605
0.9773296117782593
0.9433523416519165
0.918906033039093
0.8993390202522278
0.918735146522522
1.0019421577453613
0.9229428172111511
0.8401622772216797
0.7905216217041016
0.813745379447937
0.8489673733711243
0.922860324382782
0.8780720829963684
0.812055230140686
0.7834885716438293
0.8198561072349548
0.8280997276306152
0.7365005612373352
0.6640351414680481
0.7054538726806641
0.7103130221366882
0.6698253750801086
0.5347277522087097
0.886282205581665
0.9561509490013123
0.915193498134613
0.9473826289176941
0.9433416128158569
1.0295484066009521
0.9921767115592957
0.9134814739227295
0.9058674573898315
0.9965881705284119
0.9509235620498657
0.9464516043663025
0.9326465725898743
0.852031409740448
0.9383903741836548
0.9020008444786072
0.9265816807746887
0.9021197557449341
0.8752275705337524
0.8110648393630981
0.8884138464927673
0.9171505570411682
0.8735397458076477
0.8312156796455383
0.8092284798622131
0.7853002548217773
0.7328699231147766
0.8022221326828003
0.7419852614402771
0.6963242888450623
0.6942784190177917
0.5079407095909119
0.8345970511436462
0.9976137280464172
0.9501237869262695
0.9282245635986328
1.009456753730774
0.9629525542259216
1.0020729303359985
1.032542109489441
0.9208097457885742
0.967038631439209
1.010578989982605
1.0392602682113647
0.9175004363059998
0.912532389163971
0.9269272089004517
0.9298645257949829
0.874725341796875
0.9463046789169312
0.8551542162895203
0.8039789795875549
0.8825328946113586
0.8107088804244995
0.9279252290725708
0.8847120404243469
0.7617737650871277
0.7920015454292297
0.8202686309814453
0.7492892146110535
0.7165296077728271
0.6645889282226562
0.7604967355728149
0.5729212164878845
0.8648874759674072
0.9401636719703674
0.9858397841453552
1.0113520622253418
0.936813473701477
0.9938053488731384
0.9410815834999084
1.0262986421585083
0.9525711536407471
1.0288890600204468
0.8523260354995728
0.8977381587028503
0.9080255627632141
0.8996121883392334
0.8576599359512329
0.9656515717506409
0.9488943219184875
0.8202540278434753
0.8695083260536194
0.8620406985282898
0.8764216303825378
0.8758786916732788
0.899420440196991
0.8910636901855469
0.8175185322761536
0.8350350856781006
0.768946647644043
0.722230076789856
0.7454221248626709
0.6873368620872498
0.6381460428237915
0.5418075919151306
0.8731898665428162
0.9272429347038269
0.9470856189727783
0.9828100204467773
0.9348366856575012
0.9638994932174683
1.0283259153366089
0.9732171893119812
0.9387252330780029
0.9636352062225342
0.953848659992218
0.9662863612174988
0.9265077710151672
0.914107084274292
0.9792214035987854
0.87022864818573
0.960796058177948
0.840533435344696
0.884833812713623
0.9195369482040405
0.8718794584274292
0.8252689838409424
0.9430037140846252
0.8155018091201782
0.8579943776130676
0.7645993828773499
0.805363655090332
0.8078872561454773
0.6824209690093994
0.6560702323913574
0.6968939304351807
0.5717054009437561
0.8440667390823364
0.8851454854011536
0.9135470390319824
0.9113920331001282
0.9203612208366394
0.9648700952529907
0.948906421661377
0.9260677695274353
0.8919922709465027
0.8723704814910889
0.9381058216094971
0.8876811265945435
0.866261899471283
0.8788118362426758
0.865397036075592
0.9042395949363708
0.8831630349159241
0.9048023223876953
0.8779323697090149
0.8009194135665894
0.8739559650421143
0.8684572577476501
0.8273724913597107
0.8143251538276672
0.8286557197570801
0.8370825052261353
0.7878525853157043
0.7711995840072632
0.6641021966934204
0.6377394199371338
0.6717396974563599
0.5687279105186462
0.8046152591705322
0.9405597448348999
0.9158132076263428
0.9649255275726318
0.9740619659423828
0.9728671312332153
0.9208521246910095
0.9942547678947449
0.9701470732688904
0.9669466018676758
0.8979186415672302
0.93035888671875
0.8702530264854431
0.8721248507499695
0.8706286549568176
0.8899949789047241
0.8521581292152405
0.8651013970375061
0.8270396590232849
0.8365539908409119
0.8618798851966858
0.8932012319564819
0.8759843707084656
0.8904289603233337
0.8330050706863403
0.7481446266174316
0.7429780960083008
0.7346590161323547
0.6620964407920837
0.670379638671875
0.6621792316436768
0.5796416997909546
0.8035976886749268
0.9418447017669678
0.8545792102813721
0.9062081575393677
0.9620400667190552
0.9754342436790466
0.9919417500495911
0.9707188606262207
0.9482728838920593
0.9476960897445679
0.8358914852142334
0.879610002040863
0.9055447578430176
0.9516339302062988
0.8926863074302673
0.8792870044708252
0.9132843613624573
0.803138017654419
0.8224364519119263
0.7658951878547668
0.774875283241272
0.7976862788200378
0.7815014719963074
0.8084509968757629
0.804908812046051
0.7348411679267883
0.7717608213424683
0.7270245552062988
0.7430844306945801
0.6777359247207642
0.6409737467765808
0.5273747444152832
0.8344823122024536
0.919329822063446
0.9591943621635437
0.9265215396881104
0.9885526299476624
0.9239406585693359
0.9570285081863403
1.0224677324295044
0.8940627574920654
0.9513561725616455
0.9239053726196289
0.9133803248405457
0.8696805238723755
0.9058290719985962
0.9169443249702454
0.8760771751403809
0.8567956686019897
0.8484286069869995
0.839613139629364
0.8057163953781128
0.9268785715103149
0.8269244432449341
0.8166888356208801
0.8405928611755371
0.7698299288749695
0.7219299077987671
0.7758321762084961
0.70047527551651
0.7460488080978394
0.6510506868362427
0.5626910328865051
0.5569652318954468
0.8413054347038269
0.9333738088607788
0.9350505471229553
0.947033703327179
0.9447155594825745
0.9731891751289368
0.9430232644081116
0.9578973650932312
0.997377872467041
0.9201157689094543
0.8821502327919006
0.931007444858551
0.8877328038215637
0.8542860746383667
0.9071093201637268
0.8540831208229065
0.8733089566230774
0.8641805648803711
0.8283190131187439
0.8598224520683289
0.8631592988967896
0.8372799158096313
0.8642404079437256
0.7831238508224487
0.7383192181587219
0.9064849615097046
0.7189983129501343
0.7508754730224609
0.6724008917808533
0.654296875
0.6431926488876343
0.4793626666069031
0.7982393503189087
0.9715141654014587
0.9205101728439331
0.9504116177558899
0.9206408858299255
0.8990674614906311
0.9397223591804504
0.9159647226333618
1.002851128578186
0.8955884575843811
0.9278594851493835
0.8538578152656555
0.8800252676010132
0.9672536849975586
0.8801570534706116
0.8949553370475769
0.8702773451805115
0.9635176062583923
0.8806326389312744
0.8642666935920715
0.8593978881835938
0.8899344205856323
0.8419727683067322
0.7976977825164795
0.7758190035820007
0.7760127186775208
0.7288934588432312
0.7771117687225342
0.7697521448135376
0.676661491394043
0.6076647639274597
0.4988560676574707
0.872990071773529
0.9351725578308105
0.8862164616584778
0.938822329044342
1.0684083700180054
0.9764789938926697
0.9929804801940918
0.9525691866874695
0.9426084160804749
0.9960471987724304
0.9710725545883179
0.8631793856620789
0.9297410249710083
0.9071341156959534
0.8728960752487183
0.9279013276100159
0.8686385750770569
0.8744332194328308
0.8228199481964111
0.8577772378921509
0.8900006413459778
0.7649046778678894
0.7973946928977966
0.8351869583129883
0.8074491024017334
0.7721525430679321
0.7786661982536316
0.7289756536483765
0.7179210782051086
0.6449429392814636
0.5706817507743835
0.5967233777046204
0.896697461605072
0.9694042801856995
0.9135101437568665
0.957881510257721
0.9763867855072021
0.9291651844978333
1.0059009790420532
0.9849869608879089
0.9350284337997437
1.0027496814727783
0.9591543078422546
0.9493924975395203
1.0007585287094116
0.9476989507675171
0.9329074025154114
0.9151203036308289
0.9201281070709229
0.8954026699066162
0.8724654912948608
0.8049148321151733
0.9123306274414062
0.8619464635848999
0.8710904717445374
0.8337127566337585
0.8128399848937988
0.7675366997718811
0.7195249795913696
0.7547034025192261
0.8150588870048523
0.6817780137062073
0.6507753729820251
0.48513492941856384
0.8968158960342407
0.9664092659950256
0.9348593354225159
1.0531823635101318
0.9823502898216248
1.039168357849121
0.985444962978363
0.936672031879425
0.9691914916038513
1.0079169273376465
1.0201078653335571
0.9908686876296997
0.9647451043128967
0.8626284599304199
0.9305328726768494
0.901541531085968
0.9042615294456482
0.8928967118263245
0.9434986710548401
0.8636240363121033
0.847449779510498
0.8543801307678223
0.8779667615890503
0.8557771444320679
0.8270224332809448
0.7492859959602356
0.7147700190544128
0.7612627744674683
0.6909773945808411
0.673875629901886
0.686398983001709
0.5828611850738525
0.8561835885047913
0.9540064334869385
0.9392145872116089
0.9513404369354248
0.9674992561340332
0.894291877746582
0.9748486876487732
0.9106534123420715
0.9424437880516052
0.957787275314331
0.9261788129806519
0.9613354206085205
0.9201606512069702
0.901536226272583
0.871903657913208
0.8811639547348022
0.9212703704833984
0.8521901369094849
0.8472415804862976
0.8636156320571899
0.8052741885185242
0.8514835834503174
0.7798933982849121
0.8473367094993591
0.8226237893104553
0.7480158805847168
0.8104226589202881
0.7660084962844849
0.7265902757644653
0.6362623572349548
0.6102965474128723
0.623231053352356
0.867216944694519
0.9109211564064026
0.9502724409103394
1.011277437210083
0.8973058462142944
0.956753134727478
0.9060637950897217
0.9751155376434326
0.9639219641685486
0.9384926557540894
0.9752906560897827
0.9525899887084961
0.910739541053772
0.9107257723808289
0.8448152542114258
0.9497700333595276
0.8875315189361572
0.8855152726173401
0.8348177075386047
0.8217895030975342
0.8310306668281555
0.8724837899208069
0.9140272736549377
0.8211240768432617
0.847349226474762
0.8132044672966003
0.8370410799980164
0.7518671751022339
0.6663714051246643
0.9448447227478027
0.7320690155029297
0.576134204864502
0.8564172387123108
0.9202630519866943
0.8864094614982605
0.9508835673332214
0.9201164841651917
1.0171349048614502
0.9275478720664978
0.940571129322052
0.9690155386924744
0.9365576505661011
0.9400449395179749
0.866544246673584
0.8633123636245728
0.9373894929885864
0.9287578463554382
0.9340903162956238
0.9635195136070251
0.9122776389122009
0.8533107042312622
0.8521898984909058
0.8916163444519043
0.9101282358169556
0.9086694121360779
0.7820490598678589
0.8214301466941833
0.8270437121391296
0.7852885127067566
0.7298018932342529
0.7203612923622131
0.6666416525840759
0.5955747961997986
0.5265778303146362
0.804137647151947
0.9665458798408508
0.9003034830093384
0.8969031572341919
0.9434947371482849
0.9856387972831726
0.9394665956497192
0.900253176689148
0.9308609962463379
0.9921916723251343
0.9229788780212402
0.8159722685813904
0.8658527731895447
0.8491840362548828
0.8618625998497009
0.8839293718338013
0.8592073917388916
0.86204993724823
0.8653478622436523
0.8662086129188538
0.8075986504554749
0.7886655330657959
0.761851966381073
0.7810131311416626
0.7640182375907898
0.8377901315689087
0.7335719466209412
0.749533474445343
0.7623430490493774
0.6033570170402527
0.6450388431549072
0.5548593997955322
0.8205697536468506
0.8674159646034241
0.9301753640174866
0.928915798664093
0.932036280632019
0.8909723162651062
0.95774245262146
0.9374881982803345
0.8800217509269714
0.9181160926818848
0.8996435403823853
0.8615204095840454
0.8436515927314758
0.8848487138748169
0.9089459180831909
0.8604220747947693
0.8984095454216003
0.793143093585968
0.7468991875648499
0.805478572845459
0.8525010347366333
0.8209512233734131
0.8902105689048767
0.8073563575744629
0.771687924861908
0.7591245174407959
0.7217303514480591
0.7769594192504883
0.6776334643363953
0.6409428119659424
0.5969074964523315
0.5275619029998779
0.8448461294174194
0.924802303314209
0.8907901048660278
0.9233424067497253
0.9062520861625671
0.980965793132782
0.9450395107269287
0.9968352913856506
0.9334464073181152
0.8841184377670288
0.883891224861145
0.9123915433883667
0.7982741594314575
0.8927513360977173
0.8846254348754883
0.8829030394554138
0.8952308893203735
0.8714214563369751
0.7916131615638733
0.853708028793335
0.7995535135269165
0.8392576575279236
0.8296895623207092
0.7384757995605469
0.7104859948158264
0.7267385125160217
0.774785578250885
0.7054995894432068
0.6292257308959961
0.6740403175354004
0.6441269516944885
0.5238947868347168
0.8611014485359192
0.9648817181587219
0.9038146138191223
0.9180647730827332
0.9221383929252625
0.9206682443618774
0.9219982028007507
0.9805165529251099
0.912295401096344
0.8892505168914795
0.8812294006347656
0.8849263787269592
0.9246717095375061
0.8124662637710571
0.860486626625061
0.8089352250099182
0.8856854438781738
0.8625867962837219
0.8426752090454102
0.7864140272140503
0.7959386706352234
0.8034867644309998
0.8428382277488708
0.7609561085700989
0.8444129824638367
0.7937542796134949
0.7382643222808838
0.7517553567886353
0.7035230994224548
0.9231275916099548
0.5892545580863953
0.5221071839332581
0.8095040321350098
0.9610583782196045
0.9312173128128052
0.9157049655914307
0.9508333206176758
0.9765239357948303
0.911623477935791
0.9434341788291931
0.9105216264724731
0.9451828002929688
0.9460826516151428
0.8645154237747192
0.8361605405807495
0.8409065008163452
0.9252602458000183
0.8726317286491394
0.778140664100647
0.8861566781997681
0.8287140130996704
0.8271167278289795
0.7870177030563354
0.8564224243164062
0.8021325469017029
0.7589336037635803
0.7780706882476807
0.810613751411438
0.7226181626319885
0.7516342401504517
0.7127649188041687
0.6702607870101929
0.6487574577331543
0.5404607057571411
0.8487200140953064
0.9093545079231262
0.8884491920471191
0.9182076454162598
0.9274252653121948
0.9242712259292603
1.0053787231445312
1.0114153623580933
0.9704675078392029
0.9356510639190674
0.8947718739509583
0.9031521081924438
0.8998035788536072
0.9464165568351746
0.9541903138160706
0.8740494847297668
0.8960137367248535
0.8356533050537109
0.7735528349876404
0.8046249747276306
0.8661417365074158
0.977927565574646
0.827545702457428
0.8304843306541443
0.8391785025596619
0.7354992032051086
0.7652384042739868
0.7253416776657104
0.6693630218505859
0.6349733471870422
0.6082212328910828
0.5067746639251709
0.8957685232162476
0.9148029088973999
0.9042869210243225
0.9353874921798706
0.9279718995094299
1.0171948671340942
0.997934103012085
0.9595097303390503
0.9266648292541504
0.9245818257331848
0.9486579895019531
0.9344485402107239
0.9034457206726074
0.8744252920150757
0.8934240341186523
0.8565073013305664
0.8661168217658997
0.8952412009239197
0.8103938698768616
0.8445505499839783
0.8866718411445618
0.8160436153411865
0.8467864394187927
0.8014557957649231
0.8356577157974243
0.8402374982833862
0.7479234337806702
0.7224900126457214
0.6940486431121826
0.6462393999099731
0.6547358632087708
0.540556013584137
0.8046474456787109
0.8925830125808716
0.890973687171936
0.9235906004905701
0.925933837890625
0.9815126061439514
0.9628705382347107
0.8807791471481323
0.9077306985855103
0.9502815008163452
0.9486671090126038
0.8831019401550293
0.9303367733955383
0.9075046181678772
0.8613827228546143
0.8171600103378296
1.0029348134994507
0.8142105937004089
0.8687857985496521
0.7875754833221436
0.860825777053833
0.8715128302574158
0.8305001258850098
0.7262772917747498
0.7336670160293579
0.7902224063873291
0.7330597639083862
0.7798233032226562
0.6755265593528748
0.5911057591438293
0.7202858328819275
0.5261638760566711
0.83603835105896
0.8997828364372253
0.9396306872367859
0.942795991897583
0.9352277517318726
0.8926511406898499
0.9289183616638184
0.9586030840873718
0.95374596118927
0.9999258518218994
0.9345575571060181
0.9240453243255615
0.9073010683059692
0.8634818196296692
0.9149003028869629
0.9681470990180969
0.881101131439209
0.8665385246276855
0.8374425768852234
0.8307428956031799
0.8333387970924377
0.8140286207199097
0.8020998239517212
0.7947492599487305
0.8488546013832092
0.7805375456809998
0.7513288259506226
0.7326160073280334
0.724806547164917
0.6215600967407227
0.6583693623542786
0.4707373380661011
0.8374377489089966
0.9017819762229919
0.9802594780921936
0.9492179751396179
0.968167781829834
0.9026114344596863
0.9581971764564514
0.9450840950012207
0.9518633484840393
1.0322989225387573
0.9285109043121338
0.9141276478767395
0.8925921320915222
0.9282641410827637
0.9326426982879639
0.8673048615455627
0.9344464540481567
0.956466019153595
0.8558428287506104
0.8120287656784058
0.9130569696426392
0.802229106426239
0.8305978178977966
0.7951632738113403
0.749349057674408
0.7618469595909119
0.7744045257568359
0.7152023911476135
0.6735327243804932
0.7142196297645569
0.590743899345398
0.49368876218795776
0.8313494324684143
0.999718427658081
0.9319849014282227
0.9667994379997253
0.916542112827301
0.9791553616523743
0.9082103967666626
0.9971245527267456
0.9448894262313843
0.9055464267730713
0.8859351277351379
0.9481573104858398
0.8571004867553711
0.9349472522735596
0.9007244110107422
0.8547221422195435
0.9001462459564209
0.8582252264022827
0.8638380765914917
0.7962315678596497
0.8161171078681946
0.8531489968299866
0.8700991272926331
0.8164734244346619
0.8494056463241577
0.7130141258239746
0.8262509107589722
0.7351294159889221
0.6891382932662964
0.6552373170852661
0.7350733876228333
0.5313794612884521
0.8538790941238403
0.8503779768943787
0.9419291019439697
0.9865855574607849
0.9911681413650513
0.9277204275131226
0.9491332173347473
0.9522355794906616
0.973635733127594
0.908111035823822
0.9585883617401123
0.9256584644317627
0.9229168891906738
0.8773393034934998
0.8939443826675415
0.9140672087669373
0.9161402583122253
0.8559885621070862
0.874302864074707
0.8444499373435974
0.8513711094856262
0.8446891903877258
0.8179164528846741
0.8133835792541504
0.9862375855445862
0.8291702270507812
0.7828488349914551
0.7680432200431824
0.7611767649650574
0.6599494218826294
0.7173696160316467
0.5996184349060059
0.8585748672485352
0.9039415717124939
0.855743408203125
0.9458085298538208
0.8678968548774719
0.9286738634109497
0.934755265712738
0.9703103303909302
0.9240437746047974
0.9582998156547546
0.9351208209991455
0.8812798857688904
0.8857847452163696
0.8958572745323181
0.8407942056655884
0.865543007850647
0.9025334119796753
0.8391879796981812
0.8289933204650879
0.7908533215522766
0.8514829277992249
0.8385878801345825
0.7951314449310303
0.8235238194465637
0.7506349086761475
0.7635405659675598
0.6766040325164795
0.6485467553138733
0.6817747354507446
0.6548605561256409
0.6187711358070374
0.5460923314094543
0.8080387711524963
0.8778109550476074
0.9152102470397949
0.9333823323249817
0.9364559054374695
0.9098630547523499
0.8780534267425537
0.9049479365348816
0.8798027038574219
0.8768444061279297
0.8514794707298279
0.8592126369476318
0.8883786201477051
0.9053752422332764
0.9079333543777466
0.9207375645637512
0.8504562973976135
0.8118922114372253
0.8723922967910767
0.7949958443641663
0.8057376146316528
0.7826319336891174
0.8330458998680115
0.8299546837806702
0.7147634029388428
0.7458353638648987
0.7007241249084473
0.7656304836273193
0.5926109552383423
0.6641625165939331
0.5842356085777283
0.474107950925827
0.8343884944915771
0.8565678000450134
0.9070006012916565
0.9150955677032471
0.94597989320755
0.8922010660171509
0.9287309050559998
0.9531285762786865
0.9086683988571167
0.8944390416145325
0.8494616746902466
0.9073545336723328
0.8942727446556091
0.807337760925293
0.8824251294136047
0.8714758157730103
0.9136168956756592
0.8646116256713867
0.7797523140907288
0.8141205906867981
0.8440337181091309
0.8449552655220032
0.7773005366325378
0.7436283230781555
0.7400593757629395
0.756417453289032
0.7257804870605469
0.6659377813339233
0.7124693393707275
0.6196177005767822
0.6679483652114868
0.5112127661705017
0.8456949591636658
0.9007250666618347
0.8998035788536072
0.8868006467819214
0.8774890899658203
0.9269721508026123
0.9180514216423035
0.9219131469726562
0.913009524345398
0.929656982421875
0.8999002575874329
0.8817781209945679
0.8624171614646912
0.8624740242958069
0.821104884147644
0.8939031958580017
0.8556699752807617
0.8640336990356445
0.7879067659378052
0.736000657081604
0.8509051203727722
0.7663716077804565
0.8391540050506592
0.720470666885376
0.7353175282478333
0.8445028066635132
0.7384197115898132
0.7369927763938904
0.6709420680999756
0.9112290740013123
0.6416535377502441
0.5146397352218628
0.8074429631233215
0.8856034874916077
0.8893339037895203
0.9217615723609924
0.9129900336265564
0.929516613483429
0.8814523220062256
0.9444001913070679
0.9933657646179199
0.8716636896133423
0.8823981285095215
0.8806585669517517
0.8517279028892517
0.8443489670753479
0.8679000735282898
0.8122198581695557
0.912648618221283
0.8366966843605042
0.827765703201294
0.8352480530738831
0.8018956780433655
0.8642292022705078
0.7545335292816162
0.8064349293708801
0.7822818160057068
0.7927851676940918
0.7117951512336731
0.7600582242012024
0.686249852180481
0.6793698668479919
0.5701962113380432
0.49100103974342346
0.83066725730896
0.89525306224823
0.946824848651886
0.8984206318855286
0.9365108609199524
1.0104821920394897
0.9760400652885437
0.9576224088668823
0.8965031504631042
0.9860133528709412
0.9072514772415161
0.9272775053977966
0.9022433757781982
0.8830227255821228
0.8860998153686523
0.8465689420700073
0.9048326015472412
0.8015699982643127
0.816554605960846
0.884548008441925
0.8392238616943359
0.7884297370910645
0.8154417872428894
0.8457128405570984
0.6972693204879761
0.7725518941879272
0.783154308795929
0.6683672070503235
0.676075279712677
0.6305631399154663
0.6148309707641602
0.5226988792419434
0.8354679942131042
0.8834719061851501
0.870527982711792
0.983556866645813
0.9110303521156311
0.9264922142028809
0.8956092596054077
0.8915190696716309
0.9204802513122559
0.9211204051971436
0.9468140602111816
0.886422872543335
0.8582391142845154
0.8418630957603455
0.8552786111831665
0.8344117999076843
0.8780838251113892
0.8850444555282593
0.7845200896263123
0.8107040524482727
0.839175820350647
0.8441891074180603
0.8269387483596802
0.7814188599586487
0.7943539619445801
0.7117257118225098
0.7643139958381653
0.687419056892395
0.7769322991371155
0.6352124810218811
0.6305713653564453
0.5516117811203003
0.8487935662269592
0.9009407162666321
0.922147810459137
0.9064049124717712
0.9327676296234131
0.9479324221611023
0.9426354169845581
0.8745177388191223
0.944998562335968
0.9062661528587341
0.9307907223701477
0.8836638331413269
0.8906619548797607
0.9031223058700562
0.8920279741287231
0.8747484683990479
0.8841592073440552
0.8776276111602783
0.8213456869125366
0.8450925350189209
0.8406487703323364
0.811290442943573
0.8226019144058228
0.8472553491592407
0.7854452729225159
0.7404398918151855
0.7368528246879578
0.7230547070503235
0.6613661646842957
0.6607110500335693
0.6933915019035339
0.4722282290458679
0.8270800113677979
0.9579067230224609
0.9441640377044678
0.9156509041786194
1.0060406923294067
0.941192090511322
0.9240468740463257
0.9876137375831604
0.8810158371925354
0.9818243980407715
0.9341371655464172
1.0182104110717773
0.8448202610015869
0.8837971687316895
0.9212192893028259
0.8320828676223755
0.9596341252326965
0.8545204997062683
0.7959345579147339
0.7812073826789856
0.838548481464386
0.9344257116317749
0.7903602719306946
0.8203497529029846
0.7585511207580566
0.7723004817962646
0.7071285843849182
0.773946225643158
0.6312511563301086
0.6662750244140625
0.63672935962677
0.5056809782981873
0.8415343761444092
0.9368709921836853
0.872430682182312
0.8776506185531616
0.9428285360336304
0.9609031677246094
0.9707238078117371
0.9157077670097351
0.9604353904724121
0.8893729448318481
0.9412990808486938
0.9034287929534912
0.8887758851051331
0.8270643353462219
0.8715320825576782
0.8650871515274048
0.8995748162269592
0.8271574378013611
0.8323001861572266
0.8135061860084534
0.8008280396461487
0.845861554145813
0.7717030644416809
0.7655987739562988
0.8764832615852356
0.7716127634048462
0.7869337797164917
0.7350382804870605
0.7098447680473328
0.6732600331306458
0.6533360481262207
0.5031902194023132
0.8400468230247498
0.9383012652397156
0.9485477805137634
0.9561097025871277
0.9476528167724609
0.9833348393440247
0.8647153973579407
0.9454075694084167
0.9520959258079529
0.8833200335502625
0.9127709865570068
0.8406765460968018
0.9030919075012207
0.9033923149108887
0.9417031407356262
0.8722524046897888
0.8661386370658875
0.8789344429969788
0.8293156623840332
0.7582423090934753
0.8258574604988098
0.8636198043823242
0.8277752995491028
0.768662691116333
0.7635921239852905
0.7888633608818054
0.7667043805122375
0.6844892501831055
0.7427623867988586
0.6882137656211853
0.6046466827392578
0.5492522716522217
0.8205501437187195
0.9377807378768921
1.0003607273101807
0.9026580452919006
0.8788803815841675
0.943629801273346
0.9461677074432373
0.9868385791778564
0.9433805346488953
0.917117714881897
0.9368511438369751
0.9191544055938721
0.9369595050811768
0.8444079756736755
0.899168074131012
0.8967646956443787
0.7971142530441284
0.908130943775177
0.8355041146278381
0.8710171580314636
0.8361737132072449
0.8867979049682617
0.8848962783813477
0.8197838068008423
0.8028225302696228
0.7294757962226868
0.7510818839073181
0.807670533657074
0.7278054356575012
0.6646859049797058
0.6244250535964966
0.4736674129962921
0.8052420616149902
0.9288294911384583
0.9335805177688599
0.8663716912269592
0.9556413888931274
0.8985855579376221
0.9191117286682129
0.9137566685676575
0.9298933148384094
0.9184737801551819
0.9125734567642212
0.8865818381309509
0.8989214897155762
0.8254401087760925
0.8978217840194702
0.8551546335220337
0.8456268310546875
0.8112495541572571
0.85124272108078
0.7497686743736267
0.781272292137146
0.8011993169784546
0.7826439738273621
0.7474712133407593
0.7430849075317383
0.7177141904830933
0.7285909056663513
0.7449001669883728
0.6226271986961365
0.6386314630508423
0.6520862579345703
0.49637702107429504
0.814318060874939
0.866979718208313
0.910054624080658
0.9029160737991333
0.9278570413589478
0.9560624957084656
0.9411974549293518
0.8521519303321838
0.8139325976371765
0.8721594214439392
0.8723905682563782
0.8659261465072632
0.8695109486579895
0.8661381006240845
0.8784727454185486
0.8998854160308838
0.826264500617981
0.8716689348220825
0.7580380439758301
0.7058346271514893
0.7872632145881653
0.7926036715507507
0.7745988368988037
0.8030378818511963
0.8370353579521179
0.8180795907974243
0.6990805268287659
0.7269925475120544
0.7820519208908081
0.5729615688323975
0.5822173357009888
0.5222635269165039
0.8217868208885193
0.8726262450218201
0.8875707983970642
0.9057034254074097
0.8942015767097473
0.9762418270111084
0.8586284518241882
0.9329177737236023
0.8787310123443604
0.882646918296814
0.9055584073066711
0.8509993553161621
0.8570166230201721
0.8760737180709839
0.9060869216918945
0.7714374661445618
0.8789873719215393
0.8078944087028503
0.7415871024131775
0.7927790284156799
0.8306728005409241
0.8097352385520935
0.825041651725769
0.757906436920166
0.7235072255134583
0.7532256245613098
0.6814531683921814
0.6960007548332214
0.7351121306419373
0.6511775851249695
0.6026342511177063
0.4945639669895172
0.8488155007362366
0.8947239518165588
0.871123731136322
0.9332413077354431
0.8725985884666443
0.8637033700942993
0.8939248919487
0.8680715560913086
0.8924056887626648
0.8879860639572144
0.907940149307251
0.8628665804862976
0.8705263733863831
0.8353104591369629
0.8695750832557678
0.813132643699646
0.865100085735321
0.8371248245239258
0.8091875314712524
0.7858725786209106
0.788810133934021
0.8225010633468628
0.8136263489723206
0.8172765970230103
0.8672019839286804
0.7684349417686462
0.7490925788879395
0.6930764317512512
0.6857060790061951
0.639897346496582
0.639779269695282
0.5289357900619507
0.7997320890426636
0.9173169136047363
0.8995131850242615
0.8875898718833923
0.9123978018760681
0.9305901527404785
0.9043703079223633
0.9301164150238037
0.8972368836402893
0.9111155867576599
0.8985902070999146
0.9142285585403442
0.945063591003418
0.8199780583381653
0.8678591847419739
0.846750795841217
0.8857676982879639
0.9058825373649597
0.8004796504974365
0.7301932573318481
0.8149899244308472
0.8446823954582214
0.7594459056854248
0.7596760988235474
0.8057590126991272
0.7844504714012146
0.7548568248748779
0.7455161809921265
0.6492691040039062
0.5597559213638306
0.6144187450408936
0.493427574634552
0.8671528100967407
0.880079448223114
0.8647235035896301
0.937942624092102
0.8895429372787476
0.9133021831512451
0.9648305177688599
0.9578728079795837
0.8981019258499146
0.9103207588195801
0.9277715086936951
0.919748067855835
0.9425600171089172
0.8830218315124512
0.8671163320541382
0.8543217778205872
0.8310821056365967
0.8508614897727966
0.8819988965988159
0.8089262247085571
0.8763700127601624
0.8049135208129883
0.8509085178375244
0.7987256646156311
0.7957268357276917
0.7632425427436829
0.7084964513778687
0.7062610387802124
0.7244076132774353
0.662438154220581
0.61001056432724
0.5129411220550537
0.8238736987113953
0.8940708637237549
0.8706426024436951
0.9664111137390137
0.9645569324493408
0.9397264719009399
0.9814168810844421
0.9872315526008606
0.9616738557815552
0.955774188041687
0.951759397983551
0.8972510695457458
0.8465428948402405
0.8714160919189453
0.8655152320861816
0.8747730851173401
0.8945856690406799
0.8572283983230591
0.7768443822860718
0.8175888061523438
0.8080098032951355
0.8237543702125549
0.754550576210022
0.7818971276283264
0.7012576460838318
0.7051094174385071
0.7366304397583008
0.8375878930091858
0.7135533690452576
0.6768739819526672
0.5883169174194336
0.5217776298522949
0.8415082693099976
0.8958524465560913
0.910598874092102
0.9108819961547852
0.9422993659973145
0.9331560730934143
0.9252269268035889
0.9405227899551392
0.9120134115219116
0.9854525327682495
0.956141471862793
0.8759797811508179
0.9120942950248718
0.8902924060821533
0.8238583207130432
