34.44680404663086
33.45307540893555
34.57830047607422
33.09823226928711
32.863739013671875
32.7077522277832
32.015716552734375
32.50957107543945
32.925472259521484
35.416175842285156
34.7324333190918
34.6234245300293
33.36042785644531
33.595306396484375
32.14033508300781
34.813865661621094
34.23741149902344
33.384944915771484
33.10578155517578
32.57172775268555
31.137258529663086
30.69719696044922
33.41655349731445
0.7133358120918274
0.6668292880058289
0.7217779159545898
0.662081241607666
0.6573527455329895
0.669805645942688
0.6302648186683655
0.6509273052215576
0.6186188459396362
0.5993668437004089
0.5905088782310486
0.5935088992118835
0.561974048614502
0.604160726070404
0.6361493468284607
0.5639998316764832
0.4964969754219055
0.5920193791389465
0.5363889336585999
0.4961767792701721
0.5268352031707764
0.6000598073005676
0.5183171629905701
0.5686812996864319
0.5647027492523193
0.5286715030670166
0.5236801505088806
0.5458024740219116
0.5699896812438965
0.5516392588615417
0.5115787982940674
0.47158950567245483
0.4382748007774353
0.4402064383029938
0.7368617653846741
0.6928366422653198
0.6645663380622864
0.6502930521965027
0.6417699456214905
0.6291903853416443
0.6115829348564148
0.607509970664978
0.6005595922470093
0.6646280288696289
0.6332886219024658
0.5773607492446899
0.5502427816390991
0.6089160442352295
0.49502748250961304
0.5182340145111084
0.5610832571983337
0.5249454975128174
0.5435675382614136
0.51825350522995
0.543339192867279
0.5798424482345581
0.5705754160881042
0.5767486095428467
0.5544008612632751
0.5055955648422241
0.558310329914093
0.5166485905647278
0.6022091507911682
0.47173815965652466
0.5231514573097229
0.39194127917289734
0.7279742360115051
0.6713156700134277
0.6806357502937317
0.6657363176345825
0.6570712924003601
0.6482455730438232
0.5948516130447388
0.6051040887832642
0.614810585975647
0.6419878005981445
0.6128414273262024
0.6009933352470398
0.5749122500419617
0.6377705931663513
0.5977625846862793
0.5783701539039612
0.5670002102851868
0.5525605082511902
0.6042226552963257
0.5314466953277588
0.5612680315971375
0.5801914930343628
0.5374020934104919
0.5739730596542358
0.5196449756622314
0.5609002113342285
0.569653332233429
0.4727587103843689
0.5010744333267212
0.29772910475730896
0.5065358281135559
0.501327395439148
0.6980604529380798
0.6872832179069519
0.6770043969154358
0.6753976345062256
0.6620752215385437
0.6512984037399292
0.677128255367279
0.6346582770347595
0.6339813470840454
0.613880455493927
0.6135621666908264
0.560816764831543
0.5299187302589417
0.5900970697402954
0.6507086753845215
0.6126585602760315
0.5149025321006775
0.5930684208869934
0.5033661127090454
0.5618720650672913
0.5237613916397095
0.6205023527145386
0.5853699445724487
0.5148319005966187
0.46021825075149536
0.574581503868103
0.580767035484314
0.5767451524734497
0.5679560303688049
0.5566794872283936
0.47936075925827026
0.4348200857639313
0.6846519112586975
0.6708088517189026
0.6628617644309998
0.6628782153129578
0.6773756146430969
0.6430651545524597
0.634086012840271
0.6282438635826111
0.5761399865150452
0.6293839812278748
0.6086454391479492
0.5625036358833313
0.5999768376350403
0.6089158654212952
0.5356656312942505
0.5747398734092712
0.7212783694267273
0.6682667136192322
0.6592633724212646
0.6581172347068787
0.653670608997345
0.6391755938529968
0.6296926736831665
0.6411334276199341
0.6038500666618347
0.6274868249893188
0.5720001459121704
0.5528096556663513
0.619721531867981
0.5856919884681702
0.6091139912605286
0.5693272352218628
0.5235720276832581
0.5111626982688904
0.5568913817405701
0.46475735306739807
0.5376831293106079
0.5516625642776489
0.5706979036331177
0.4628268778324127
0.5615038275718689
0.5896661877632141
0.5251195430755615
0.539821207523346
0.4494732916355133
0.5645566582679749
0.40190497040748596
0.4207046926021576
0.7032079100608826
0.668806254863739
0.656460165977478
0.6612724661827087
0.6016749143600464
0.660047173500061
0.63273024559021
0.6190680265426636
0.6455549597740173
0.6331483721733093
0.5990296006202698
0.593311071395874
0.596522331237793
0.5237856507301331
0.5832953453063965
0.6003361940383911
0.5741117596626282
0.45507583022117615
0.4752974808216095
0.5397167205810547
0.5574182868003845
0.5496178269386292
0.5608035922050476
0.44610679149627686
0.5097170472145081
0.5023895502090454
0.5021075010299683
0.4902968108654022
0.53270024061203
0.48529252409935
0.4465097188949585
0.41096067428588867
0.7189710736274719
0.7001488208770752
0.6358969211578369
0.6706591248512268
0.6265649795532227
0.6300150752067566
0.6466048359870911
0.6124925017356873
0.5998796820640564
0.6071189641952515
0.609693706035614
0.6202424168586731
0.5769022107124329
0.570288360118866
0.6042861938476562
0.5883862376213074
0.5173001885414124
0.5207509994506836
0.5771105289459229
0.5865745544433594
0.5815500617027283
0.4912652373313904
0.5320120453834534
0.5471484661102295
0.4988187849521637
0.5668332576751709
0.5585444569587708
0.4867143929004669
0.5229566097259521
0.30333614349365234
0.4801021218299866
0.46329984068870544
0.6744824051856995
0.6613498330116272
0.6782947182655334
0.6819198131561279
0.6549767255783081
0.6299716234207153
0.6369467973709106
0.5813959836959839
0.6537017822265625
0.615964949131012
0.5781135559082031
0.6121206283569336
0.5797585844993591
0.6072726249694824
0.5600354075431824
0.5735116600990295
0.5748852491378784
0.6211517453193665
0.49932345747947693
0.5466544032096863
0.573394238948822
0.5638017654418945
0.6285866498947144
0.562429666519165
0.5740348696708679
0.5467344522476196
0.5165412425994873
0.4949171841144562
0.5457045435905457
0.4335228204727173
0.4582403898239136
0.4700421690940857
0.6659671664237976
0.6557190418243408
0.6768799424171448
0.6520177721977234
0.6266935467720032
0.631536066532135
0.6428675055503845
0.6219202876091003
0.5858739018440247
0.6411934494972229
0.6220327615737915
0.6098201274871826
0.514894425868988
0.5623784065246582
0.5090131759643555
0.554053008556366
0.5700108408927917
0.5380352735519409
0.5175213813781738
0.5650085210800171
0.5450761318206787
0.5363109111785889
0.4203683137893677
0.532416045665741
0.5271981358528137
0.5423470735549927
0.5480220317840576
0.5039035677909851
0.47148826718330383
0.5957265496253967
0.475432425737381
0.3548371195793152
0.6980403065681458
0.6743818521499634
0.6706857681274414
0.6243994235992432
0.6631626486778259
0.6228523850440979
0.6124691963195801
0.6112702488899231
0.5945265293121338
0.6388580799102783
0.5906761884689331
0.553215742111206
0.5391876697540283
0.5835715532302856
0.5346225500106812
0.5222550630569458
0.5644105076789856
0.5653547048568726
0.6123278141021729
0.550710141658783
0.5905430316925049
0.5356904864311218
0.5597469210624695
0.4917146861553192
0.5475156903266907
0.5046045184135437
0.5510613322257996
0.5246247053146362
0.5638371706008911
0.4670630991458893
0.46930229663848877
0.39328598976135254
0.7270745038986206
0.6915713548660278
0.6673936247825623
0.6367301940917969
0.6641520857810974
0.6894378662109375
0.6068077683448792
0.6115824580192566
0.59439617395401
0.5868387818336487
0.6177107095718384
0.576116681098938
0.5934239029884338
0.5766011476516724
0.6169946193695068
0.5835824012756348
0.6128450036048889
0.5787040591239929
0.5103713274002075
0.5841657519340515
0.5685743689537048
0.6045641899108887
0.5896577835083008
0.5373152494430542
0.4465797245502472
0.6097553968429565
0.5676563382148743
0.5481550693511963
0.4883039891719818
0.5062984228134155
0.4416324198246002
0.4476987421512604
0.7175519466400146
0.6955119371414185
0.6922373175621033
0.6644169688224792
0.65290766954422
0.6138872504234314
0.6345447897911072
0.6300502419471741
0.6038307547569275
0.6004272103309631
0.5795586109161377
0.5670079588890076
0.5929365754127502
0.5907515287399292
0.562988817691803
0.6309947967529297
0.5704104900360107
0.5657857060432434
0.6107313632965088
0.5180274248123169
0.5390934944152832
0.5540284514427185
0.5305345058441162
0.5331974029541016
0.5608445405960083
0.5230157375335693
0.5384767055511475
0.49095526337623596
0.5187566876411438
0.495129257440567
0.4513302147388458
0.3910462260246277
0.7042487263679504
0.6768823266029358
0.6695988774299622
0.6623867154121399
0.6695724725723267
0.6451368927955627
0.652097761631012
0.6255530118942261
0.6686529517173767
0.6087087392807007
0.6208893656730652
0.6007786393165588
0.5868017077445984
0.6169519424438477
0.5841295123100281
0.5102003216743469
0.6070356965065002
0.6010861992835999
0.629693865776062
0.5604494214057922
0.5590602159500122
0.6009694337844849
0.5336911082267761
0.5336346626281738
0.574631929397583
0.5915026664733887
0.567253053188324
0.5155454874038696
0.5267898440361023
0.5376413464546204
0.5161508321762085
0.34026822447776794
0.7208235859870911
0.728089451789856
0.6803739666938782
0.6445210576057434
0.6829159259796143
0.6930252909660339
0.6435340046882629
0.6306583881378174
0.6131895184516907
0.607297956943512
0.6338886022567749
0.6012815833091736
0.5560356974601746
0.5914216041564941
0.6290852427482605
0.6038323044776917
0.6223574280738831
0.5664436221122742
0.5457355380058289
0.5364644527435303
0.5489742159843445
0.5377196073532104
0.5382703542709351
0.5628727674484253
0.5506856441497803
0.571111261844635
0.5526495575904846
0.5584454536437988
0.5697320699691772
0.41277194023132324
0.51788729429245
0.44876155257225037
0.7198597192764282
0.6550630331039429
0.6886841058731079
0.6651244163513184
0.6956424117088318
0.6413062214851379
0.5971859693527222
0.6038529872894287
0.6754581332206726
0.6482311487197876
0.6138516664505005
0.5853771567344666
0.6795722246170044
0.5897151231765747
0.4971114695072174
0.5928610563278198
0.53501957654953
0.5940696597099304
0.6103695034980774
0.5814050436019897
0.5738667249679565
0.5437179207801819
0.6144843697547913
0.5216422080993652
0.37312522530555725
0.5369041562080383
0.5714192390441895
0.5368587970733643
0.5513266324996948
0.4968433082103729
0.5453686118125916
0.4266393184661865
0.7023289203643799
0.6810650825500488
0.6997071504592896
0.6719863414764404
0.6567726731300354
0.6308439373970032
0.6248753666877747
0.6458243131637573
0.6054102182388306
0.6295880675315857
0.6123523712158203
0.6306896805763245
0.616344690322876
0.600614070892334
0.5537824630737305
0.6043229699134827
0.5725182294845581
0.5512619018554688
0.574362576007843
0.5824314951896667
0.5215872526168823
0.5413592457771301
0.6517191529273987
0.6234005093574524
0.57110196352005
0.4709186553955078
0.5229296088218689
0.570713996887207
0.414445161819458
0.5580778121948242
0.540095865726471
0.4102165400981903
0.6825906038284302
0.6736137270927429
0.6591901183128357
0.6482741236686707
0.6559163928031921
0.6530553698539734
0.6172476410865784
0.6334682106971741
0.599359393119812
0.6314008831977844
0.5816584229469299
0.5328224897384644
0.5461388230323792
0.5717256665229797
0.6276348829269409
0.5730413794517517
0.5387715101242065
0.5418439507484436
0.5803272128105164
0.5283829569816589
0.5362395644187927
0.5896817445755005
0.5982776284217834
0.5374147295951843
0.5246782898902893
0.5053229331970215
0.5433750152587891
0.5949059724807739
0.4694827198982239
0.3672620356082916
0.42900824546813965
0.4114753305912018
0.666623055934906
0.6624076962471008
0.6411595344543457
0.6470208168029785
0.6478902101516724
0.6304038763046265
0.5869929790496826
0.6212250590324402
0.6070647835731506
0.610381007194519
0.5845261812210083
0.5751229524612427
0.590374231338501
0.5387517809867859
0.6103019118309021
0.495237797498703
0.5550491213798523
0.48816487193107605
0.5694313645362854
0.5854227542877197
0.5469304323196411
0.556069552898407
0.5391570329666138
0.5164366960525513
0.5392547845840454
0.545778214931488
0.49710598587989807
0.5404035449028015
0.5800434947013855
0.3032969832420349
0.49459242820739746
0.4320487976074219
0.7173495888710022
0.6632466912269592
0.6714213490486145
0.6559746265411377
0.659310519695282
0.6553974747657776
0.6066299080848694
0.611635684967041
0.6296208500862122
0.651317834854126
0.56138676404953
0.5738445520401001
0.5540151596069336
0.5861900448799133
0.6224998831748962
0.582280695438385
0.5540054440498352
0.5582203269004822
0.5357916355133057
0.5827906727790833
0.545281171798706
0.5243195295333862
0.5508396625518799
0.5579994916915894
0.6024827361106873
0.5745235085487366
0.546838641166687
0.5435255169868469
0.5335808992385864
0.500532329082489
0.46077755093574524
0.4652033746242523
0.6899608969688416
0.7210891842842102
0.638120710849762
0.644075870513916
0.651577353477478
0.60163813829422
0.6660030484199524
0.5952522158622742
0.6203256845474243
0.5967673659324646
0.5863056778907776
0.610346257686615
0.5897769927978516
0.5023704171180725
0.5182532072067261
0.5736787915229797
0.4828943908214569
0.49826255440711975
0.49691975116729736
0.5870633721351624
0.4401453733444214
0.5364817380905151
0.5062663555145264
0.5502566695213318
0.6058322787284851
0.5252742767333984
0.589313268661499
0.4892485439777374
0.5028170943260193
0.4599599838256836
0.4741780757904053
0.44799622893333435
0.705170750617981
0.658724308013916
0.6869997978210449
0.6442418098449707
0.625986635684967
0.6462712287902832
0.6233521103858948
0.6088746190071106
0.6444427967071533
0.5950301885604858
0.594565749168396
0.5720548629760742
0.6088854074478149
0.5968356132507324
0.6314111351966858
0.5954524874687195
0.5702285170555115
0.5053532123565674
0.5958903431892395
0.5469261407852173
0.581439197063446
0.5854540467262268
0.5380670428276062
0.5314684510231018
0.44302111864089966
0.4820282459259033
0.5178069472312927
0.5635417699813843
0.42896515130996704
0.5230715274810791
0.4499535858631134
0.36034175753593445
0.6847603917121887
0.687000036239624
0.6581960320472717
0.656420111656189
0.6203282475471497
0.6790665984153748
0.6598888039588928
0.6038896441459656
0.5699104070663452
0.6038258075714111
0.6196598410606384
0.6123797297477722
0.5715115666389465
0.6010829210281372
0.5746631622314453
0.5634052753448486
0.5374087691307068
0.6070936918258667
0.5767397880554199
0.579649031162262
0.5744408965110779
0.5938999056816101
0.5722243785858154
0.5520671606063843
0.5581265687942505
0.4721343517303467
0.5258004665374756
0.4973544180393219
0.4777015447616577
0.5585301518440247
0.44874337315559387
0.458189457654953
0.6731610298156738
0.7062233686447144
0.6694470643997192
0.6522970795631409
0.6219016909599304
0.6069174408912659
0.6288096308708191
0.5979267358779907
0.6021584272384644
0.618644654750824
0.5955801010131836
0.577265202999115
0.5918484330177307
0.5947182774543762
0.5903216004371643
0.5741056799888611
0.6370311975479126
0.562962532043457
0.6163206696510315
0.4932311475276947
0.5884944200515747
0.5373984575271606
0.5203791260719299
0.5605180859565735
0.47116100788116455
0.5380064249038696
0.5447789430618286
0.4785240888595581
0.5534923076629639
0.5057150721549988
0.4641135632991791
0.40406909584999084
0.7056225538253784
0.6572567820549011
0.6729429960250854
0.6600009799003601
0.6284036636352539
0.6456289291381836
0.6174623966217041
0.6327019333839417
0.5976685881614685
0.6611509919166565
0.603643000125885
0.5576387047767639
0.5739220976829529
0.6017878651618958
0.6624060869216919
0.5402888059616089
0.5591499209403992
0.5205276012420654
0.5663853287696838
0.6054531931877136
0.5970422625541687
0.5959761738777161
0.569632887840271
0.5723793506622314
0.5464587807655334
0.5125714540481567
0.5194743871688843
0.5468817949295044
0.503028154373169
0.50458163022995
0.43617013096809387
0.4227285087108612
0.7325758337974548
0.6663249731063843
0.6603024005889893
0.6763686537742615
0.6861668825149536
0.6709840893745422
0.6111857295036316
0.644900918006897
0.6225658655166626
0.6081963181495667
0.6442328691482544
0.5826783776283264
0.5758755803108215
0.5860615372657776
0.6162305474281311
0.5240920782089233
0.5095933675765991
0.5457452535629272
0.6113433837890625
0.4962935745716095
0.6150124669075012
0.5549433827400208
0.5630085468292236
0.554534375667572
0.41523176431655884
0.5529541969299316
0.5251374840736389
0.4745582342147827
0.5357116460800171
0.5068506002426147
0.5150153040885925
0.4701042175292969
0.7287535071372986
0.7028549313545227
0.6913726329803467
0.6828710436820984
0.6385746598243713
0.7005050182342529
0.60832279920578
0.6383312940597534
0.602763295173645
0.640028715133667
0.6394444704055786
0.6214585900306702
0.6172332763671875
0.6214929223060608
0.5857239961624146
0.5805285573005676
0.5522621273994446
0.5715692043304443
0.5744760036468506
0.5249816179275513
0.5144214630126953
0.4380999207496643
0.5520181655883789
0.4719015061855316
0.515508770942688
0.5430652499198914
0.5079570412635803
0.5512641072273254
0.5296128988265991
0.5409026741981506
0.4347529411315918
0.467496782541275
0.6791252493858337
0.6652128100395203
0.6615267395973206
0.6455997824668884
0.6572171449661255
0.6546787619590759
0.6259964108467102
0.6034871935844421
0.6402310729026794
0.6366615891456604
0.6360915303230286
0.5983884334564209
0.5815166234970093
0.5502957701683044
0.6129156351089478
0.5426573753356934
0.5394561886787415
0.5881290435791016
0.5958311557769775
0.5436702370643616
0.6007285118103027
0.5379493236541748
0.5802177786827087
0.5212322473526001
0.49174410104751587
0.5262601375579834
0.5680825114250183
0.577716052532196
0.47732779383659363
0.5858345627784729
0.5024048089981079
0.48667988181114197
0.7404948472976685
0.7031540274620056
0.6723166704177856
0.6234596371650696
0.634821891784668
0.6623731851577759
0.6235801577568054
0.6406464576721191
0.6128259301185608
0.6315039396286011
0.5801571607589722
0.5589645504951477
0.6010397672653198
0.579980731010437
0.5256299376487732
0.5787747502326965
0.5785173773765564
0.5643646717071533
0.5102018117904663
0.5383484363555908
0.5157428979873657
0.5823617577552795
0.5724512934684753
0.5861879587173462
0.604567289352417
0.5613857507705688
0.4847170114517212
0.43464651703834534
0.4836457371711731
0.4681954085826874
0.4077354967594147
0.440359503030777
0.6873929500579834
0.6631816625595093
0.6542930006980896
0.6272491216659546
0.613254189491272
0.6466862559318542
0.5932769179344177
0.5951058864593506
0.5948072075843811
0.6387205123901367
0.5755028128623962
0.5940355658531189
0.5448590517044067
0.5559496879577637
0.6364290118217468
0.5472667217254639
0.6073471903800964
0.5831652879714966
0.5814142823219299
0.577915608882904
0.5363015532493591
0.518360435962677
0.5873144865036011
0.5499385595321655
0.52098548412323
0.47823771834373474
0.5358607172966003
0.4838394820690155
0.46645355224609375
0.49907055497169495
0.4396580755710602
0.4175843596458435
0.7367284297943115
0.640593945980072
0.6678337454795837
0.654598593711853
0.6336908340454102
0.6346668004989624
0.606120765209198
0.5997965335845947
0.6086843609809875
0.6017144322395325
0.5804432034492493
0.5777086615562439
0.5779579877853394
0.5637131929397583
0.5173773765563965
0.5183136463165283
0.5221850275993347
0.5162846446037292
0.5818221569061279
0.4687551259994507
0.56796795129776
0.5687661170959473
0.5183551907539368
0.5439845323562622
0.5624942183494568
0.5298513770103455
0.5846297740936279
0.5341209769248962
0.49115729331970215
0.49524417519569397
0.41458860039711
0.409097284078598
0.6648060083389282
0.6640958189964294
0.6820998191833496
0.6618039608001709
0.6186786890029907
0.62152498960495
0.6358059048652649
0.6044527292251587
0.6090583205223083
0.5607945322990417
0.587078869342804
0.5817580819129944
0.6168410181999207
0.5049417614936829
0.5856283903121948
0.5699312686920166
0.5943989753723145
0.5944393277168274
0.48874008655548096
0.5835179686546326
0.5177033543586731
0.5670223236083984
0.5322591662406921
0.5001989006996155
0.5304049849510193
0.5507697463035583
0.5317106246948242
0.5584027767181396
0.4640198349952698
0.4252089262008667
0.5230658650398254
0.4444018006324768
0.6900496482849121
0.6676158905029297
0.6466924548149109
0.6455934047698975
0.6316723227500916
0.6546420454978943
0.6560423970222473
0.6192066669464111
0.5935781598091125
0.6070085763931274
0.6107182502746582
0.6206218600273132
0.5746517777442932
0.5728447437286377
0.5263093709945679
0.5993860363960266
0.5709830522537231
0.6136525869369507
0.5666727423667908
0.5301905274391174
0.5583289265632629
0.5196784138679504
0.5878313779830933
0.5915732383728027
0.5522060990333557
0.49155768752098083
0.5494149923324585
0.48386767506599426
0.48643454909324646
0.5210817456245422
0.3976972997188568
0.4338933825492859
0.6995908617973328
0.6679194569587708
0.7002167701721191
0.632919192314148
0.6516166925430298
0.6429270505905151
0.6071099638938904
0.6246480345726013
0.5981066226959229
0.6584112048149109
0.6360713839530945
0.5603066086769104
0.6061800718307495
0.6153661012649536
0.5285308361053467
0.5561747550964355
0.5111312866210938
0.5346999168395996
0.46255093812942505
0.5929449200630188
0.5701518058776855
0.5565463304519653
0.5486610531806946
0.535185694694519
0.5757487416267395
0.5082730054855347
0.5006227493286133
0.5420287847518921
0.4943827688694
0.48793938755989075
0.47521498799324036
0.36301642656326294
0.6757104992866516
0.6525923609733582
0.6650119423866272
0.6720940470695496
0.6203556656837463
0.6349032521247864
0.6302651762962341
0.5844451785087585
0.6366580128669739
0.616828441619873
0.5474979877471924
0.6286077499389648
0.62218177318573
0.6354580521583557
0.589999258518219
0.5615377426147461
0.495269238948822
0.5299338698387146
0.5719712376594543
0.506461501121521
0.5303820371627808
0.5919730067253113
0.5460819602012634
0.5728748440742493
0.5397071838378906
0.551680862903595
0.553464949131012
0.5549193024635315
0.5082758665084839
0.4963456690311432
0.4573683738708496
0.2982916831970215
0.6868224740028381
0.6961121559143066
0.6541680097579956
0.6729241609573364
0.6510462164878845
0.628825843334198
0.5989693999290466
0.616820752620697
0.5992094278335571
0.5943425893783569
0.6150853633880615
0.5866236686706543
0.621583104133606
0.5785548090934753
0.5446779131889343
0.5875945091247559
0.4971463680267334
0.5765519738197327
0.4904296100139618
0.5890894532203674
0.535962700843811
0.5396636724472046
0.516775369644165
0.5230328440666199
0.5562728047370911
0.5648975372314453
0.5498772263526917
0.528411328792572
0.5144254565238953
0.5300062894821167
0.4559311270713806
0.36241522431373596
0.7146791219711304
0.6824599504470825
0.6740585565567017
0.6439698338508606
0.6434327960014343
0.6221474409103394
0.6422338485717773
0.6229034066200256
0.6354647874832153
0.6073970794677734
0.5564038753509521
0.5631738305091858
0.5757089257240295
0.578517735004425
0.6229141354560852
0.5687195658683777
0.6014950275421143
0.5478751063346863
0.6175135970115662
0.5683416724205017
0.5383982062339783
0.4260846674442291
0.5935198068618774
0.47704431414604187
0.53232342004776
0.5300763249397278
0.5454312562942505
0.47752195596694946
0.5209552049636841
0.47853443026542664
0.4693106412887573
0.46257516741752625
0.7002227902412415
0.6558369994163513
0.6732218265533447
0.6440554261207581
0.6713908910751343
0.6330289244651794
0.6476569175720215
0.6301167011260986
0.6005870699882507
0.6143884062767029
0.6265906691551208
0.5255419611930847
0.5811307430267334
0.5865017771720886
0.5717940330505371
0.6117379069328308
0.5520961880683899
0.4696579873561859
0.5233549475669861
0.562354326248169
0.5511260628700256
0.5663620829582214
0.5171701312065125
0.4560239613056183
0.46099865436553955
0.5792037844657898
0.5062087774276733
0.536400556564331
0.40787073969841003
0.46876510977745056
0.45836400985717773
0.4548676311969757
0.6789861917495728
0.6568526029586792
0.6583289504051208
0.6556203961372375
0.6908095479011536
0.6285641193389893
0.6346363425254822
0.6051819324493408
0.6335060000419617
0.6286618113517761
0.5744374394416809
0.5958937406539917
0.5883490443229675
0.6433870792388916
0.5858973860740662
0.5966960787773132
0.5425928831100464
0.5499765276908875
0.5507158041000366
0.534512996673584
0.5597742199897766
0.5631346702575684
0.5290448665618896
0.5060623288154602
0.5542024374008179
0.5226364731788635
0.5407462120056152
0.5356106758117676
0.4566473066806793
0.5005289316177368
0.4256860017776489
0.2956082224845886
0.6983456015586853
0.6855170130729675
0.6565591096878052
0.6629623770713806
0.6572996973991394
0.6680126786231995
0.6296973824501038
0.5982258319854736
0.6193982362747192
0.6494498252868652
0.6050457954406738
0.6003950834274292
0.5322064161300659
0.5624050498008728
0.6245229840278625
0.5459490418434143
0.54665207862854
0.5036482810974121
0.5602644681930542
0.48545506596565247
0.5462354421615601
0.5611171722412109
0.5446199178695679
0.5815883874893188
0.5444965362548828
0.5847981572151184
0.5707888007164001
0.546143651008606
0.5360139608383179
0.571357786655426
0.25686290860176086
0.42418766021728516
0.6928768157958984
0.6552606225013733
0.6436896324157715
0.6474506855010986
0.6462066173553467
0.6624875068664551
0.6073178648948669
0.6053436398506165
0.5789872407913208
0.6491468548774719
0.5844928622245789
0.5998659729957581
0.589978039264679
0.5362535119056702
0.5758911967277527
0.558786153793335
0.5746660828590393
0.5978691577911377
0.5590962767601013
0.5792573690414429
0.5321855545043945
0.5210450291633606
0.565061628818512
0.5161309242248535
0.3826451599597931
0.5447899103164673
0.507524311542511
0.47974810004234314
0.5126885175704956
0.4923524856567383
0.491182804107666
0.38664042949676514
0.7220536470413208
0.6613035202026367
0.6659590005874634
0.6603959202766418
0.6455323100090027
0.6090499758720398
0.6179938316345215
0.583340585231781
0.5994306206703186
0.5821695327758789
0.5661298632621765
0.5540810227394104
0.5903157591819763
0.6144945025444031
0.521295428276062
0.5555723309516907
0.5660277009010315
0.5203158855438232
0.547950267791748
0.5766971111297607
0.5272462964057922
0.5308331847190857
0.48575830459594727
0.40267375111579895
0.5280898809432983
0.5470863580703735
0.5073620080947876
0.4651114046573639
0.5327343940734863
0.5016295313835144
0.4659954309463501
0.47693932056427
0.6597063541412354
0.6676398515701294
0.6588348150253296
0.6170154809951782
0.6484085321426392
0.6658108234405518
0.5859490633010864
0.5931829214096069
0.5755338072776794
0.6012036800384521
0.5878204703330994
0.5844029188156128
0.5496631860733032
0.5724864602088928
0.604205310344696
0.5243375897407532
0.5552406311035156
0.5616586208343506
0.5221086740493774
0.5665610432624817
0.5428035259246826
0.5305463671684265
0.5878089070320129
0.546289324760437
0.5667153000831604
0.5161790251731873
0.5084841847419739
0.5215835571289062
0.31058916449546814
0.49207940697669983
0.43765076994895935
0.42563706636428833
0.6936731934547424
0.654017448425293
0.6950601935386658
0.6274057626724243
0.6418324112892151
0.6134974360466003
0.6282814741134644
0.5889044404029846
0.6258286833763123
0.5649498105049133
0.5690659880638123
0.5316022634506226
0.5739849209785461
0.576745867729187
0.523646891117096
0.5880811214447021
0.5291101336479187
0.47224217653274536
0.5280137062072754
0.4746827781200409
0.5147077441215515
0.5403372645378113
0.545928955078125
0.48344686627388
0.5195156931877136
0.513482391834259
0.47831228375434875
0.46916934847831726
0.5200203061103821
0.4407344460487366
0.45666444301605225
0.4424615204334259
0.6871808767318726
0.6614229679107666
0.6423485279083252
0.631796658039093
0.643014132976532
0.6520354151725769
0.6419304609298706
0.632310152053833
0.5966890454292297
0.6311324834823608
0.597068727016449
0.6036832928657532
0.5596016049385071
0.59784334897995
0.5977173447608948
0.5850914716720581
0.5970546007156372
0.48375532031059265
0.47736048698425293
0.5242624282836914
0.516607940196991
0.567371666431427
0.5482051968574524
0.508192241191864
0.48000088334083557
0.5462135672569275
0.5597267746925354
0.4794079065322876
0.4794568419456482
0.4023424983024597
0.4798641502857208
0.3360992968082428
0.7003124356269836
0.6748693585395813
0.6636725664138794
0.6412496566772461
0.6489453315734863
0.6259230375289917
0.6029735803604126
0.6397033929824829
0.6458737850189209
0.647590160369873
0.575477659702301
0.5427526235580444
0.6194016933441162
0.509190022945404
0.6189329624176025
0.5730922222137451
0.5619121789932251
0.513382613658905
0.5442413091659546
0.507994532585144
0.5418128371238708
0.5458045601844788
0.5087665319442749
0.5582302212715149
0.6072594523429871
0.5139580368995667
0.531863808631897
0.5372963547706604
0.4767332971096039
0.47662559151649475
0.39720258116722107
0.42009347677230835
0.6943037509918213
0.6676796078681946
0.6391624808311462
0.650952160358429
0.6679612398147583
0.6274424195289612
0.5899369120597839
0.6277893781661987
0.6037634611129761
0.6139081716537476
0.6254758834838867
0.606019139289856
0.6450622081756592
0.5771564245223999
0.6076523065567017
0.5467047691345215
0.5454796552658081
0.49950283765792847
0.5597388744354248
0.542511522769928
0.5478070378303528
0.5586902499198914
0.5452656745910645
0.5369392037391663
0.5213050246238708
0.5335615873336792
0.5157057046890259
0.5000207424163818
0.43433627486228943
0.5095921754837036
0.46082180738449097
0.3798750042915344
0.6867905855178833
0.673183262348175
0.677230954170227
0.6350719928741455
0.6347423791885376
0.6166037917137146
0.6316230893135071
0.6352114081382751
0.6019435524940491
0.582973837852478
0.5911847352981567
0.5861385464668274
0.5827995538711548
0.5643572807312012
0.5886925458908081
0.5679696202278137
0.5477970838546753
0.5672559142112732
0.5798265933990479
0.5922766923904419
0.5092542171478271
0.5376270413398743
0.536769449710846
0.5807005763053894
0.4890024960041046
0.4901653528213501
0.5840539932250977
0.5123226046562195
0.511407196521759
0.5067127346992493
0.46042880415916443
0.4116918742656708
0.7188125848770142
0.6536626815795898
0.6622589230537415
0.6787530779838562
0.6339974403381348
0.654720664024353
0.6103854775428772
0.6080111861228943
0.6003805994987488
0.6282875537872314
0.6395978331565857
0.5818656086921692
0.5243545174598694
0.5909751653671265
0.5867973566055298
0.5355578660964966
0.49597886204719543
0.5611869096755981
0.568327784538269
0.5746687650680542
0.47934895753860474
0.5911712050437927
0.5455268025398254
0.5214112401008606
0.5335869193077087
0.4824375510215759
0.5226339101791382
0.5098968744277954
0.487575501203537
0.5266945362091064
0.39180195331573486
0.405301034450531
0.6861275434494019
0.6628957986831665
0.6552326679229736
0.6502401232719421
0.6585462093353271
0.6469966769218445
0.636398434638977
0.6163017153739929
0.6500453948974609
0.5989082455635071
0.6067445278167725
0.5823706388473511
0.5695357322692871
0.584344744682312
0.5012152791023254
0.5614005327224731
0.549319863319397
0.5147749185562134
0.5660340189933777
0.57129967212677
0.5189501047134399
0.5597844123840332
0.5433815121650696
0.5580390691757202
0.46801790595054626
0.4470618665218353
0.5558318495750427
0.531440258026123
0.5186147093772888
0.476626992225647
0.5139385461807251
0.3749319612979889
0.6953501105308533
0.6820520162582397
0.6315099000930786
0.6286239624023438
0.6217885613441467
0.6347188353538513
0.6117244362831116
0.6370202898979187
0.6334072351455688
0.6014406681060791
0.5938625335693359
0.6127333641052246
0.5530256628990173
0.5796546936035156
0.6001639366149902
0.5897651314735413
0.5465284585952759
0.585264265537262
0.5731146335601807
0.5709200501441956
0.531184732913971
0.5857397317886353
0.44798335433006287
0.5834218263626099
0.5051910281181335
0.5014578104019165
0.5802598595619202
0.5224990248680115
0.5224661827087402
0.5275009870529175
0.48650944232940674
0.3611476719379425
0.7022902369499207
0.6674907803535461
0.6690880060195923
0.6700482964515686
0.6485927700996399
0.6304751634597778
0.5989503264427185
0.6006067991256714
0.6008407473564148
0.6317937970161438
0.5244097709655762
0.5998888611793518
0.5381468534469604
0.581485390663147
0.590667188167572
0.5719915628433228
0.5069453716278076
0.5652359127998352
0.4593096077442169
0.5405693054199219
0.5992605090141296
0.49480339884757996
0.5223163366317749
0.5298811197280884
0.5166438817977905
0.5061026811599731
0.541228175163269
0.5171085596084595
0.49605944752693176
0.3996168375015259
0.4125996530056
0.4267549216747284
0.7016751170158386
0.6523486375808716
0.6528299450874329
0.6556553840637207
0.6356990337371826
0.632983386516571
0.6026701331138611
0.6296859979629517
0.5573656558990479
0.6061941385269165
0.6370612382888794
0.5971837639808655
0.5811159610748291
0.545793354511261
0.5969690084457397
0.4974023401737213
0.5547942519187927
0.5279073119163513
0.5249436497688293
0.5757745504379272
0.5770050287246704
0.559468150138855
0.4657024145126343
0.5697973370552063
0.4941413700580597
0.5176795721054077
0.5994422435760498
0.5482128858566284
0.5458816289901733
0.5091716647148132
0.5020111799240112
0.4649186432361603
0.6791728734970093
0.648381233215332
0.6858094930648804
0.6384539008140564
0.6242140531539917
0.6342951655387878
0.5817930698394775
0.575896143913269
0.6191385388374329
0.5981502532958984
0.5737494230270386
0.614499568939209
0.5708931684494019
0.5989505648612976
0.5891740918159485
0.5165548324584961
0.5348304510116577
0.5656473636627197
0.5433026552200317
0.554319441318512
0.5068597197532654
0.4988565742969513
0.5276444554328918
0.50836181640625
0.5171095728874207
0.5490805506706238
0.506691038608551
0.514030396938324
0.39552944898605347
0.3776799738407135
0.4936148226261139
0.37176862359046936
0.6690461039543152
0.6681244373321533
0.6314485669136047
0.6401913166046143
0.6412935853004456
0.6095409989356995
0.609079897403717
0.6195257902145386
0.582916259765625
0.6016759872436523
0.5897397994995117
0.5444031357765198
0.5843778848648071
0.602762758731842
0.5491181015968323
0.5909254550933838
0.5493536591529846
0.5541244149208069
0.5651223063468933
0.5728273391723633
0.5742099285125732
0.570865273475647
0.5281415581703186
0.4569703936576843
0.488042950630188
0.5279499888420105
0.5300785899162292
0.4639086425304413
0.4300386905670166
0.4951019287109375
0.4554625451564789
0.4286293685436249
0.6864490509033203
0.6721946001052856
0.6427962779998779
0.6358801126480103
0.6229289174079895
0.6201257109642029
0.6104754209518433
0.578686535358429
0.5825263857841492
0.6347252726554871
0.6148375272750854
0.590120255947113
0.5523483753204346
0.6295449137687683
0.5126211047172546
0.5792064070701599
0.5369200110435486
0.5260762572288513
0.5706573128700256
0.5631955862045288
0.49852555990219116
0.5327624678611755
0.476715624332428
0.5396208167076111
0.38164854049682617
0.46273940801620483
0.5248579978942871
0.5456449389457703
0.49189016222953796
0.4959050118923187
0.4036421477794647
0.4557841122150421
0.6781635284423828
0.6469934582710266
0.6800583600997925
0.6199211478233337
0.6462728381156921
0.6412569880485535
0.6135680079460144
0.6182052493095398
0.5824236273765564
0.5774011015892029
0.5508701801300049
0.5389195680618286
0.5650061964988708
0.5602070689201355
0.5704612731933594
0.5910444855690002
0.5428845882415771
0.4836787283420563
0.5617114901542664
0.5532518625259399
0.46806007623672485
0.4918231666088104
0.5751151442527771
0.5092719197273254
0.5443763136863708
0.5606087446212769
0.5824970006942749
0.5208346247673035
0.5057157278060913
0.4675101339817047
0.4650347828865051
0.40502509474754333
0.6980152130126953
0.6716336011886597
0.6329915523529053
0.6400982141494751
0.638822615146637
0.6468569040298462
0.6118395924568176
0.6251352429389954
0.6508978605270386
0.5915403962135315
0.5776312351226807
0.5751122832298279
0.5590179562568665
0.5428037643432617
0.5511876940727234
0.5664617419242859
0.5685797333717346
0.5373812317848206
0.5742686986923218
0.5136845111846924
0.5128350257873535
0.5274231433868408
0.4155098795890808
0.4278692603111267
0.501390278339386
0.5244917273521423
0.5406872034072876
0.5176980495452881
0.46629202365875244
0.5075031518936157
0.4400075674057007
0.3952133357524872
0.6545765399932861
0.6659439206123352
0.6468021869659424
0.6546180248260498
0.6056727170944214
0.5889946818351746
0.6177306771278381
0.5742288827896118
0.5998000502586365
0.619758665561676
0.6284944415092468
0.567035973072052
0.6168785095214844
0.5732406973838806
0.546261191368103
0.5579317212104797
0.5078908205032349
0.599354088306427
0.4790264964103699
0.54184490442276
0.5665401816368103
0.5356545448303223
0.5108692049980164
0.5293081402778625
0.528009831905365
0.5997938513755798
0.49451953172683716
0.4541369676589966
0.5366862416267395
0.46576860547065735
0.41252636909484863
0.39227262139320374
0.7032652497291565
0.6681813597679138
0.6697076559066772
0.6449456810951233
0.6729856133460999
0.609478771686554
0.6049898862838745
0.5842328667640686
0.5993632674217224
0.5901119709014893
0.5617833137512207
0.5513387322425842
0.5623263716697693
0.5435419082641602
0.5829622745513916
0.4614264965057373
0.5222029685974121
0.5706443190574646
0.5009886026382446
0.5191143155097961
0.5774754285812378
0.5450699925422668
0.4639433026313782
0.4974227249622345
0.543594479560852
0.5239885449409485
0.5007426738739014
0.5289637446403503
0.4274471402168274
0.5232284665107727
0.4279320538043976
0.47386112809181213
0.7151477336883545
0.6689007878303528
0.6567228436470032
0.6458979249000549
0.6575328707695007
0.60810786485672
0.6127761006355286
0.6371812224388123
0.6013424396514893
0.6076024770736694
0.5352097749710083
0.6151278614997864
0.5652683973312378
0.5951637625694275
0.5939452052116394
0.5263346433639526
0.566299319267273
0.5052898526191711
0.579673707485199
0.6075714826583862
0.5457730889320374
0.5710608959197998
0.5592859983444214
0.4590641260147095
0.44962528347969055
0.5232350826263428
0.5174661874771118
0.5599234700202942
0.49349039793014526
0.5195984244346619
0.4471546709537506
0.4282665252685547
0.7350492477416992
0.6771814227104187
0.653974175453186
0.6805773377418518
0.6633545160293579
0.6624220013618469
0.6296809911727905
0.6541764140129089
0.6245400309562683
0.6394876837730408
0.5876486897468567
0.6229716539382935
0.5424448847770691
0.6022710204124451
0.5633000731468201
0.606163501739502
0.5456176996231079
0.55387282371521
0.6182206273078918
0.5858563780784607
0.5838751196861267
0.5926609039306641
0.5422949194908142
0.4713829457759857
0.5247284770011902
0.5346662998199463
0.5021454691886902
0.46086981892585754
0.5069984793663025
0.4585929811000824
0.4723135828971863
0.3087831139564514
0.7033243775367737
0.6698588728904724
0.6386425495147705
0.6333967447280884
0.6443101763725281
0.6158197522163391
0.5862167477607727
0.575342059135437
0.593412458896637
0.6334311962127686
0.5603805780410767
0.5593013763427734
0.5962912440299988
0.5047227740287781
0.5876710414886475
0.588596761226654
0.499678373336792
0.46938687562942505
0.4846886098384857
0.554027795791626
0.5130147337913513
0.5668830275535583
0.5278083682060242
0.5208195447921753
0.49799013137817383
0.4751635491847992
0.5208967924118042
0.4935700297355652
0.5043146014213562
0.5142773389816284
0.4519847333431244
0.4184834957122803
0.7048876285552979
0.6927981972694397
0.6340957283973694
0.6413127779960632
0.641923189163208
0.6323456168174744
0.6162812113761902
0.6207574009895325
0.6009761095046997
0.6161205172538757
0.5756534934043884
0.6202542185783386
0.540788471698761
0.5789172649383545
0.589703381061554
0.5780927538871765
0.576444149017334
0.5633006691932678
0.5013083815574646
0.5608164072036743
0.5452872514724731
0.5315806269645691
0.5703758597373962
0.5764999985694885
0.5645610094070435
0.5225691199302673
0.5090911388397217
0.5362507700920105
0.5409812331199646
0.30463629961013794
0.47045251727104187
0.4336315095424652
0.686351478099823
0.6638557314872742
0.6515700817108154
0.6504965424537659
0.6399033069610596
0.6547744870185852
0.5873399376869202
0.6213581562042236
0.6066060066223145
0.6074626445770264
0.5833121538162231
0.556736946105957
0.5803085565567017
0.544117271900177
0.5631549954414368
0.5360035300254822
0.579311192035675
0.6220740079879761
0.6042744517326355
0.6040002703666687
0.5355654358863831
0.5445353388786316
0.5978110432624817
0.4980049133300781
0.5780951380729675
0.5349010229110718
0.5218825340270996
0.4955947697162628
0.5303537845611572
0.48481035232543945
0.4523647129535675
0.3817594647407532
0.65949946641922
0.6204227209091187
0.6612426042556763
0.6441122889518738
0.6298210024833679
0.6341556310653687
0.6076784729957581
0.6067182421684265
0.6471849083900452
0.6111405491828918
0.5631592273712158
0.5149694085121155
0.5742520689964294
0.5445369482040405
0.5191828012466431
0.5305078029632568
0.513350248336792
0.5916678309440613
0.5278508067131042
0.5222094655036926
0.514262855052948
0.5270119309425354
0.5432133078575134
0.47349488735198975
0.504190981388092
0.5189200043678284
0.5426827669143677
0.5586084723472595
0.4847872257232666
0.4562419354915619
0.47408565878868103
0.39066219329833984
0.676288902759552
0.6484013795852661
0.6860361695289612
0.6558218002319336
0.6228295564651489
0.6082450151443481
0.5841572284698486
0.6245449185371399
0.615160346031189
0.6136718988418579
0.5974827408790588
0.576476514339447
0.5629968047142029
0.531284511089325
0.570522665977478
0.5904560089111328
0.4879266917705536
0.5540216565132141
0.5954887866973877
0.5179582834243774
0.5179438591003418
0.5862080454826355
0.5879671573638916
0.49504855275154114
0.5908994078636169
0.5091343522071838
0.5451782941818237
0.4771255850791931
0.520037055015564
0.49851658940315247
0.4086553156375885
0.283713698387146
0.7022092342376709
0.687572181224823
0.6238019466400146
0.6245486736297607
0.6106674075126648
0.6316055059432983
0.6081551909446716
0.5865610837936401
0.5823327898979187
0.6066340208053589
0.5577294230461121
0.5779111981391907
0.48763635754585266
0.5639855265617371
0.5443188548088074
0.5659065246582031
0.5540165305137634
0.5887972712516785
0.5053752064704895
0.5500134229660034
0.5490925908088684
0.5331510305404663
0.5244054794311523
0.5171106457710266
0.5479028820991516
0.5351487994194031
0.5055179595947266
0.5251379609107971
0.5109443664550781
0.5130499601364136
0.37982603907585144
0.4495420753955841
0.6997997760772705
0.642152726650238
0.6070259213447571
0.6139099597930908
0.6307296752929688
0.6088914275169373
0.6338777542114258
0.602645993232727
0.6137383580207825
0.6102695465087891
0.5577994585037231
0.5467845797538757
0.5656777024269104
0.5433982610702515
0.602155327796936
0.5876896977424622
0.58090740442276
0.4797413945198059
0.5412822961807251
0.543757975101471
0.5220549702644348
0.5650963187217712
0.5759668946266174
0.4491809904575348
0.5001509189605713
0.505010187625885
0.47385212779045105
0.47397422790527344
0.45740365982055664
0.2730753421783447
0.4927307367324829
0.38830289244651794
0.683707058429718
0.675301194190979
0.6570655107498169
0.619279682636261
0.6268799901008606
0.6182634234428406
0.5856291651725769
0.5706185102462769
0.5910454392433167
0.5983790159225464
0.5973021984100342
0.5359010100364685
0.5940632820129395
0.5770690441131592
0.5945987701416016
0.5513802170753479
0.5547905564308167
0.5842709541320801
0.5103236436843872
0.536601722240448
0.5169966816902161
0.5072236657142639
0.5693102478981018
0.5306081771850586
0.5102299451828003
0.5079751014709473
0.5104508399963379
0.5223827362060547
0.5453963279724121
0.49685534834861755
0.39013078808784485
0.4254310429096222
0.6747232675552368
0.6591925621032715
0.643108606338501
0.6323049664497375
0.630331814289093
0.666178822517395
0.5959683656692505
0.6265018582344055
0.62373286485672
0.6385793685913086
0.6156887412071228
0.5896936058998108
0.5572448372840881
0.544125497341156
0.5006474256515503
0.5256664156913757
0.48574957251548767
0.5013879537582397
0.5616645216941833
0.4476034343242645
0.5061017274856567
0.5233004689216614
0.4248589873313904
0.534496545791626
0.536379337310791
0.5228338837623596
0.5002961158752441
0.4772301912307739
0.5537394881248474
0.5309005379676819
0.42376571893692017
0.4218333065509796
0.710253119468689
0.6728983521461487
0.6724027395248413
0.6376659870147705
0.6357209086418152
0.613757312297821
0.611945390701294
0.6308794021606445
0.5748208165168762
0.5832374691963196
0.5996089577674866
0.5895305275917053
0.5746418833732605
0.5862612724304199
0.5624983310699463
0.5525879859924316
0.5344958305358887
0.5340899229049683
0.5352453589439392
0.5065702199935913
0.46920138597488403
0.5489042401313782
0.5860176682472229
0.5280684232711792
0.5047721266746521
0.5092912316322327
0.48148900270462036
0.4681079387664795
0.5498347878456116
0.5024986267089844
0.4493962526321411
0.4791964888572693
0.684252142906189
0.6617372632026672
0.6504287719726562
0.6561415195465088
0.6148597002029419
0.6334244608879089
0.6234951019287109
0.6003221869468689
0.5640519261360168
0.6111155152320862
0.6124691367149353
0.5827747583389282
0.5773078203201294
0.5872593522071838
0.5125556588172913
0.551426112651825
0.5499047040939331
0.5535061359405518
0.5906216502189636
0.5673545002937317
0.5209912061691284
0.551045835018158
0.48676079511642456
0.5339797139167786
0.44949206709861755
0.5185962915420532
0.5304428935050964
0.5040827989578247
0.4629226624965668
0.4875873625278473
0.4769563376903534
0.42339932918548584
0.7144941091537476
0.6628093123435974
0.6467955112457275
0.6556109189987183
0.6558767557144165
0.6409966945648193
0.6169828772544861
0.5825340747833252
0.5802159905433655
0.5880207419395447
0.5871198177337646
0.5587462186813354
0.5822517275810242
0.5580055713653564
0.5497481822967529
0.5424898266792297
0.5026243925094604
0.5519691705703735
0.5093924403190613
0.5682802200317383
0.5052739381790161
0.48642051219940186
0.5277527570724487
0.5414122343063354
0.5447954535484314
0.5623728036880493
0.47930195927619934
0.4992832541465759
0.5144296288490295
0.496920645236969
0.47548049688339233
0.4145772457122803
0.6974866390228271
0.6441236734390259
0.6886271834373474
0.6298667192459106
0.6815676689147949
0.59604811668396
0.6199060678482056
0.6312805414199829
0.5931223630905151
0.6294983625411987
0.5871498584747314
0.5645204186439514
0.5616315603256226
0.5569881200790405
0.5848128199577332
0.5788571834564209
0.5995097160339355
0.5072523355484009
0.5591899156570435
0.49834832549095154
0.5225052237510681
0.5765818357467651
0.5566344857215881
0.5562655329704285
0.5124632716178894
0.5075637698173523
0.5331294536590576
0.5531830191612244
0.4904709458351135
0.39277178049087524
0.4026876389980316
0.37125933170318604
0.6793591380119324
0.6710241436958313
0.6410578489303589
0.6464381217956543
0.6438063383102417
0.6391903162002563
0.6055217385292053
0.6242666244506836
0.5989714860916138
0.6017746925354004
0.5784289836883545
0.5762054920196533
0.5452576279640198
0.5808591246604919
0.5922666192054749
0.5041289329528809
0.5703989267349243
0.6125112771987915
0.47888579964637756
0.5086553692817688
0.5623330473899841
0.5688948035240173
0.571752667427063
0.5558889508247375
0.42317062616348267
0.5694992542266846
0.5649968385696411
0.46776628494262695
0.4415474534034729
0.5103007555007935
0.5080177187919617
0.45130929350852966
0.6942662596702576
0.669735312461853
0.6710966229438782
0.6758365631103516
0.6573973894119263
0.6812538504600525
0.6256558299064636
0.6341171264648438
0.6235330700874329
0.5706998705863953
0.6086447238922119
0.5994480848312378
0.5812082886695862
0.557874321937561
0.5032508969306946
0.6145840883255005
0.5549212694168091
0.5573546886444092
0.5148909687995911
0.5784839391708374
0.5970286726951599
0.5947980880737305
0.49516761302948
0.5510071516036987
0.43593987822532654
0.547120213508606
0.5155438184738159
0.5190348029136658
0.5738937258720398
0.4070029854774475
0.5318055748939514
0.4366939067840576
0.6866041421890259
0.6289408802986145
0.6253353357315063
0.6201326847076416
0.6063336133956909
0.6091763377189636
0.6369988918304443
0.5815236568450928
0.5773325562477112
0.5866451263427734
0.5682417154312134
0.5405684113502502
0.5842286348342896
0.5738536715507507
0.5580433011054993
0.5493566393852234
0.5558423399925232
0.5343334078788757
0.5851795077323914
0.541728675365448
0.451632022857666
0.5588996410369873
0.5305703282356262
0.45156580209732056
0.48864656686782837
0.4965740144252777
0.4994879961013794
0.43787702918052673
0.3923597037792206
0.442825049161911
0.42876091599464417
0.4206598699092865
0.6582639217376709
0.640604555606842
0.6506395936012268
0.6363285183906555
0.6212896108627319
0.5966262817382812
0.5733502507209778
0.5886232852935791
0.5743634104728699
0.5759120583534241
0.5422380566596985
0.5818142294883728
0.5861701965332031
0.6022645831108093
0.5136569738388062
0.5268377065658569
0.5413383841514587
0.5306089520454407
0.5565741062164307
0.536101222038269
0.5068364143371582
0.5411423444747925
0.5220829248428345
0.49909621477127075
0.5351282954216003
0.5530226230621338
0.5456831455230713
0.4936307966709137
0.5373258590698242
0.48418208956718445
0.42269182205200195
0.37850528955459595
0.6565407514572144
0.653055727481842
0.6463830471038818
0.6074287295341492
0.626088559627533
0.588846743106842
0.6185910105705261
0.6069142818450928
0.5846066474914551
0.6080598831176758
0.5874552726745605
0.533393919467926
0.5660987496376038
0.5539675354957581
0.5756973028182983
0.5686343312263489
0.5965605974197388
0.4737001955509186
0.47313594818115234
0.4783925712108612
0.5142210721969604
0.5612345337867737
0.5568876266479492
0.5390769839286804
0.48575443029403687
0.4199426770210266
0.5507451891899109
0.46528494358062744
0.4877123534679413
0.5113635063171387
0.4332726001739502
0.3864418864250183
0.7043355107307434
0.6542865633964539
0.6189148426055908
0.6220799088478088
0.6132652759552002
0.6154704093933105
0.6140283346176147
0.5746317505836487
0.5732902884483337
0.6101827025413513
0.6035236716270447
0.5993138551712036
0.5817891359329224
0.5592966079711914
0.5899195075035095
0.4873978793621063
0.5563874840736389
0.5438778400421143
0.5084445476531982
0.5383856296539307
0.5383811593055725
0.5699189901351929
0.5617696046829224
0.5030261874198914
0.5250778794288635
0.4476885199546814
0.516213595867157
0.4849821627140045
0.4170829653739929
0.28106266260147095
0.43432846665382385
0.46089139580726624
0.7088183164596558
0.6401792168617249
0.6570606827735901
0.6363470554351807
0.6228453516960144
0.6195523738861084
0.596489429473877
0.6019163727760315
0.5966081619262695
0.6346932649612427
0.6005730032920837
0.5537717342376709
0.5375185608863831
0.5446478128433228
0.49144914746284485
0.5464608669281006
0.5517807602882385
0.5416863560676575
0.46697792410850525
0.5001505613327026
0.5832495093345642
0.5794984102249146
0.5527250170707703
0.4482584297657013
0.44800955057144165
0.5330739617347717
0.49981117248535156
0.4553285241127014
0.5329422950744629
0.48900359869003296
0.43324926495552063
0.2878737449645996
0.7038896679878235
0.6599823832511902
0.6675733327865601
0.624061107635498
0.6291934251785278
0.6796596050262451
0.6062537431716919
0.582509458065033
0.6248895525932312
0.6112604737281799
0.613228976726532
0.5477707982063293
0.5729395747184753
0.630591869354248
0.5492184162139893
0.5167375206947327
0.5126867890357971
0.5482679605484009
0.5311893224716187
0.529412567615509
0.5509859323501587
0.5251960158348083
0.5458994507789612
0.47426360845565796
0.5104231238365173
0.5693957209587097
0.5431626439094543
0.4311687648296356
0.4878619313240051
0.4967561960220337
0.5020278096199036
0.40676257014274597
0.6874604821205139
0.6650325655937195
0.6385963559150696
0.6603860855102539
0.6414423584938049
0.6281212568283081
0.6109215617179871
0.6073356866836548
0.6111508011817932
0.6066295504570007
0.5609579086303711
0.5426918864250183
0.5283291339874268
0.5381696224212646
0.5895242691040039
0.5388303399085999
0.5010079145431519
0.5667006969451904
0.5293723344802856
0.5311532616615295
0.527338445186615
0.49201762676239014
0.5307436585426331
0.4787398874759674
0.3679581582546234
0.4872380495071411
0.47842663526535034
0.5275083780288696
0.4654443562030792
0.4825250804424286
0.5048422813415527
0.4312685430049896
0.679957389831543
0.6411813497543335
0.6493052244186401
0.6638242602348328
0.654702365398407
0.652134120464325
0.6328104138374329
0.5814553499221802
0.624496579170227
0.6134995222091675
0.5658700466156006
0.580193042755127
0.5755026340484619
0.5639485716819763
0.5484901070594788
0.5646424293518066
0.5822044014930725
0.5300193428993225
0.5007361769676208
0.5459766387939453
0.5284819602966309
0.5750157833099365
0.588300347328186
0.4761211574077606
0.4991099238395691
0.5533743500709534
0.5053413510322571
0.5067731738090515
0.4309551417827606
0.4270866811275482
0.4266793131828308
0.4264020621776581
0.660149335861206
0.6711565256118774
0.6423736214637756
0.6045306921005249
0.6615889668464661
0.6177268028259277
0.6223247051239014
0.5810444951057434
0.5744213461875916
0.6689333319664001
0.5380005836486816
0.5855265259742737
0.5469900369644165
0.5980960726737976
0.534735381603241
0.592353880405426
0.585308313369751
0.5148884654045105
0.6010339260101318
0.5926844477653503
0.521664023399353
0.5729276537895203
0.5539998412132263
0.5504282116889954
0.5093748569488525
0.5092023015022278
0.4918734133243561
0.5406183004379272
0.49702996015548706
0.45288020372390747
0.43877431750297546
0.39642632007598877
0.6935462355613708
0.642974853515625
0.6601764559745789
0.6149846315383911
0.6129308342933655
0.6285197138786316
0.6360934376716614
0.6046565175056458
0.5767014026641846
0.6214395761489868
0.6042329668998718
0.5907643437385559
0.549550473690033
0.5520929098129272
0.6283827424049377
0.4896917939186096
0.5710240602493286
0.5470014214515686
0.5544154047966003
0.5362341403961182
0.5292068123817444
0.4892010986804962
0.550002932548523
0.5460081696510315
0.5370823740959167
0.5312159061431885
0.5365276336669922
0.5209752321243286
0.49657201766967773
0.5444080829620361
0.45912057161331177
0.4199207127094269
0.6695334315299988
0.6750540733337402
0.6680501699447632
0.6560179591178894
0.6213541030883789
0.6466180086135864
0.5841320157051086
0.6097476482391357
0.6112191081047058
0.597059428691864
0.5876825451850891
0.5554405450820923
0.5660240650177002
0.5898729562759399
0.614696741104126
0.5571401119232178
0.5559598803520203
0.4973820745944977
0.45706820487976074
0.4902413487434387
0.5029867887496948
0.5485407114028931
0.5500592589378357
0.5401812195777893
0.5411511063575745
0.47449904680252075
0.5042945742607117
0.5651314854621887
0.4296712875366211
0.4526229500770569
0.44989487528800964
0.46690452098846436
0.6759958267211914
0.6509085893630981
0.6581497192382812
0.6171873807907104
0.6112009286880493
0.6188270449638367
0.6209760308265686
0.6435053944587708
0.5795733332633972
0.590374231338501
0.5861965417861938
0.5795823335647583
0.5575270652770996
0.5289072394371033
0.6024333834648132
0.533203661441803
0.5323601961135864
0.5312197804450989
0.4544218182563782
0.5213891267776489
0.541767418384552
0.5519255995750427
0.42428719997406006
0.5266513824462891
0.5226505398750305
0.5280282497406006
0.5045827627182007
0.4749915897846222
0.49717235565185547
0.5117498636245728
0.42918604612350464
0.33856403827667236
0.6818702816963196
0.636681854724884
0.6318166851997375
0.6163448095321655
0.6317212581634521
0.6314350366592407
0.6120303869247437
0.5821580290794373
0.5910083055496216
0.5726810097694397
0.5781845450401306
0.5703819394111633
0.5459079146385193
0.5488786697387695
0.590216875076294
0.6052588820457458
0.517889678478241
0.5295674800872803
0.502811849117279
0.5439424514770508
0.497403085231781
0.5049365162849426
0.5516076683998108
0.4890495538711548
0.5290250182151794
0.44932445883750916
0.4771222472190857
0.4474857449531555
0.5122295022010803
0.4740801155567169
0.4421021640300751
0.38093101978302
0.6698089838027954
0.633034884929657
0.6358456015586853
0.6039117574691772
0.6024492979049683
0.6008339524269104
0.5843583941459656
0.571630597114563
0.5547012090682983
0.5802697539329529
0.5589447021484375
0.5140833258628845
0.5505338907241821
0.5803704261779785
0.5272430777549744
0.5812998414039612
0.539248526096344
0.4893800914287567
0.5107322931289673
0.5352181196212769
0.5154612064361572
0.4980984330177307
0.5370957255363464
0.5729295015335083
0.5129683613777161
0.4965174198150635
0.5399458408355713
0.5087968707084656
0.5201292037963867
0.4946393072605133
0.465713769197464
0.3789884150028229
0.6716814637184143
0.6411141753196716
0.6419869661331177
0.6262948513031006
0.6307450532913208
0.6605815887451172
0.600304901599884
0.5993103384971619
0.5756006836891174
0.5932037234306335
0.5713043808937073
0.583935022354126
0.5482255816459656
0.5453260540962219
0.5347045660018921
0.5440967082977295
0.5433561205863953
0.5514299869537354
0.5989139080047607
0.5259892344474792
0.524247944355011
0.5394566059112549
0.5584990382194519
0.5086825489997864
0.5033486485481262
0.4705537259578705
0.4966096580028534
0.5002217292785645
0.5208058953285217
0.4259870946407318
0.3747297525405884
0.4119676351547241
0.6670851111412048
0.6733109951019287
0.6431354284286499
0.6505529284477234
0.6114855408668518
0.6204829216003418
0.5589388608932495
0.566720187664032
0.5692163705825806
0.6200683116912842
0.5746043920516968
0.518277645111084
0.531825840473175
0.553830087184906
0.5635507106781006
0.5518983602523804
0.4859020709991455
0.5008829832077026
0.5224976539611816
0.5257417559623718
0.5437726974487305
0.5211120247840881
0.5022401213645935
0.5492875576019287
0.38423800468444824
0.4633951485157013
0.49951550364494324
0.5580825805664062
0.4195583462715149
0.47272834181785583
0.4453962743282318
0.2981948256492615
0.6798030138015747
0.6463398337364197
0.6255462169647217
0.631430983543396
0.6248955726623535
0.5764115452766418
0.6074230670928955
0.6175591349601746
0.5842869281768799
0.5542036890983582
0.6065307259559631
0.5876388549804688
0.565701961517334
0.5577452778816223
0.596381664276123
0.5758096575737
0.5139175057411194
0.49447306990623474
0.5726038217544556
0.5454825758934021
0.5214118957519531
0.4306991696357727
0.5594462156295776
0.4878149628639221
0.516465961933136
0.5412803292274475
0.47359514236450195
0.5406134724617004
0.5270629525184631
0.4481320083141327
0.39473363757133484
0.3954302668571472
0.7078794240951538
0.6687651872634888
0.614616870880127
0.6263163685798645
0.6224091649055481
0.5958700180053711
0.6153295040130615
0.5968295931816101
0.5829896926879883
0.6087438464164734
0.6253540515899658
0.5989348888397217
0.5813814997673035
0.6080748438835144
0.5523137450218201
0.5567281246185303
0.5221289396286011
0.5301388502120972
0.5831625461578369
0.5661227107048035
0.5959798693656921
0.510829508304596
0.5111008286476135
0.5301745533943176
0.4531378149986267
0.5220873355865479
0.524067223072052
0.5078970193862915
0.5057655572891235
0.47750124335289
0.48462143540382385
0.4503432810306549
0.6627383828163147
0.6442636847496033
0.6312861442565918
0.6250100135803223
0.6233411431312561
0.6169728636741638
0.5846322178840637
0.5670568943023682
0.6057453751564026
0.5510609149932861
0.6289918422698975
0.5730686187744141
0.5682662725448608
0.5188131332397461
0.6084524393081665
0.551884651184082
0.5222175717353821
0.5477295517921448
0.5652360320091248
0.5498780012130737
0.48663073778152466
0.5224797129631042
0.5696524381637573
0.5194132924079895
0.523475706577301
0.4820300340652466
0.5586212277412415
0.47676074504852295
0.4259166121482849
0.47798219323158264
0.49848005175590515
0.4119437038898468
0.6546069979667664
0.6286887526512146
0.6553136110305786
0.6228994727134705
0.6242005825042725
0.6403141021728516
0.6460049748420715
0.6044610738754272
0.555463433265686
0.5818684101104736
0.5835392475128174
0.5374173521995544
0.5951586365699768
0.5728724598884583
0.5686414241790771
