34.30219650268555
33.31504440307617
34.430702209472656
32.96376419067383
32.74262237548828
32.54875564575195
31.86435317993164
32.195987701416016
32.572715759277344
35.018680572509766
34.33692932128906
34.248878479003906
32.982879638671875
33.219783782958984
31.782899856567383
35.085540771484375
34.48690414428711
33.60791778564453
33.33408737182617
32.7828483581543
31.332136154174805
30.88517951965332
33.188087463378906
0.724638819694519
0.6789319515228271
0.7307258248329163
0.6686807870864868
0.6623145341873169
0.6755626797676086
0.6376034021377563
0.6569198966026306
0.6253801584243774
0.6078920960426331
0.5979505777359009
0.6016372442245483
0.5705279111862183
0.6104757189750671
0.6453121900558472
0.5730994343757629
0.5023377537727356
0.5988179445266724
0.5450636744499207
0.5020463466644287
0.5328853726387024
0.6071478128433228
0.5238742232322693
0.5761388540267944
0.5720080733299255
0.5344588756561279
0.5302741527557373
0.553829550743103
0.5777643322944641
0.5594052672386169
0.517706573009491
0.4770648777484894
0.445136159658432
0.4465272128582001
0.7466215491294861
0.6996394395828247
0.6709749102592468
0.6594385504722595
0.6506806015968323
0.635960042476654
0.6184811592102051
0.6158124208450317
0.6078575253486633
0.6716914772987366
0.6417962908744812
0.5841286778450012
0.5579410791397095
0.6165081858634949
0.5006794929504395
0.5228586792945862
0.5668767690658569
0.5305618643760681
0.5512071251869202
0.5247382521629333
0.5487901568412781
0.5827171802520752
0.5785331130027771
0.5847065448760986
0.5619786381721497
0.511509895324707
0.5654088854789734
0.5226945877075195
0.6090984344482422
0.4759449064731598
0.5281647443771362
0.3956047594547272
0.746242344379425
0.6824217438697815
0.6921001076698303
0.6833857297897339
0.673887312412262
0.6618800163269043
0.5984126925468445
0.6112357378005981
0.6219267249107361
0.6489299535751343
0.6187057495117188
0.6063605546951294
0.5804116725921631
0.6498222947120667
0.6069404482841492
0.5878220796585083
0.5733591914176941
0.5583902597427368
0.6128339171409607
0.5372181534767151
0.5627192854881287
0.5845285058021545
0.5406432151794434
0.5833784341812134
0.5298107266426086
0.5669840574264526
0.5774869918823242
0.4798583388328552
0.5089777708053589
0.29983842372894287
0.5106374621391296
0.5081239938735962
0.7067022323608398
0.6942864656448364
0.6852272748947144
0.6827560067176819
0.6717270612716675
0.6599399447441101
0.6846104264259338
0.6421225666999817
0.6408059597015381
0.6220303177833557
0.6201704144477844
0.5671885013580322
0.5352801084518433
0.598292887210846
0.6588768362998962
0.620439887046814
0.5201893448829651
0.601825475692749
0.5105134844779968
0.5694382190704346
0.5316437482833862
0.6282768249511719
0.5943607091903687
0.5230484008789062
0.46705564856529236
0.5844938158988953
0.5882174968719482
0.5855356454849243
0.5779419541358948
0.5625460147857666
0.4852590560913086
0.4421793520450592
0.6906912922859192
0.6781318187713623
0.6702529788017273
0.6726007461547852
0.6860451698303223
0.6516867876052856
0.640913188457489
0.6363977193832397
0.5838478803634644
0.6364679932594299
0.6155925989151001
0.5683661699295044
0.6058353781700134
0.6157188415527344
0.5423440933227539
0.5812670588493347
0.7358849048614502
0.6755015254020691
0.6672871708869934
0.6635848879814148
0.6603944301605225
0.6457943320274353
0.6356877684593201
0.6496060490608215
0.612564206123352
0.6348300576210022
0.5789713859558105
0.5609027147293091
0.626638650894165
0.5934640169143677
0.615168571472168
0.5763431787490845
0.5306329131126404
0.5178139209747314
0.5643972158432007
0.4725815951824188
0.5458971858024597
0.5586414933204651
0.5776733756065369
0.46962252259254456
0.5700222849845886
0.5992319583892822
0.5321835875511169
0.5467433333396912
0.4559914469718933
0.5749714374542236
0.40652045607566833
0.4283619523048401
0.7141749858856201
0.6780034303665161
0.6643839478492737
0.6690231561660767
0.6066067218780518
0.666516900062561
0.639648973941803
0.6268078088760376
0.653404951095581
0.6397647261619568
0.6056859493255615
0.6013625860214233
0.6020702719688416
0.5299346446990967
0.5905577540397644
0.6083344221115112
0.5813941359519958
0.46074262261390686
0.48275601863861084
0.545198380947113
0.5636786818504333
0.5559914708137512
0.5671417713165283
0.4518725872039795
0.5177427530288696
0.5088768601417542
0.5075060725212097
0.4956602156162262
0.5388585329055786
0.49309244751930237
0.4529426097869873
0.4174096882343292
0.7269783616065979
0.7079319357872009
0.6440628170967102
0.6781717538833618
0.6336760520935059
0.6384022831916809
0.6532435417175293
0.6211873888969421
0.6075206995010376
0.6144371628761292
0.6170322299003601
0.6278523206710815
0.5853502154350281
0.5785178542137146
0.6115833520889282
0.5944628715515137
0.5242120623588562
0.5261855721473694
0.5847952961921692
0.5932870507240295
0.5889455676078796
0.4978041350841522
0.5386449098587036
0.553702175617218
0.5044767260551453
0.5752644538879395
0.5665502548217773
0.49232208728790283
0.5298433303833008
0.3052014112472534
0.48461347818374634
0.4673248529434204
0.6825292110443115
0.6686479449272156
0.687407910823822
0.691209614276886
0.6641868948936462
0.6372894048690796
0.6447609066963196
0.5883401036262512
0.6610618829727173
0.6224303841590881
0.5846538543701172
0.6187544465065002
0.5866215825080872
0.6142795085906982
0.5683984756469727
0.5800621509552002
0.5816274285316467
0.628114640712738
0.5056380033493042
0.554162859916687
0.579733669757843
0.5692654252052307
0.6370111703872681
0.5697119235992432
0.5814808011054993
0.5551568269729614
0.5233498811721802
0.5006323456764221
0.5508796572685242
0.4379529058933258
0.4648344814777374
0.4769153296947479
0.67238849401474
0.6627482175827026
0.6843563914299011
0.6595703959465027
0.6336013078689575
0.6377333402633667
0.6516773104667664
0.6296477317810059
0.5948365926742554
0.6492164731025696
0.6293708086013794
0.616944432258606
0.5211699604988098
0.5684993863105774
0.5138257145881653
0.5604825019836426
0.5755928754806519
0.543691873550415
0.523490846157074
0.5714448690414429
0.5503402352333069
0.540063202381134
0.42327672243118286
0.5385168194770813
0.5345239043235779
0.5469886064529419
0.554251492023468
0.5101813673973083
0.476786345243454
0.6026850342750549
0.4803483784198761
0.3592286705970764
0.7043687701225281
0.6812861561775208
0.6796166896820068
0.6319913268089294
0.670287549495697
0.6313656568527222
0.6203579306602478
0.6200076341629028
0.6006730198860168
0.6469247937202454
0.5991721749305725
0.5580909252166748
0.5445364713668823
0.5886833071708679
0.5398561954498291
0.5301592946052551
0.5702749490737915
0.5718865990638733
0.6181836724281311
0.5567830204963684
0.5985963344573975
0.5420083403587341
0.566959798336029
0.4971778094768524
0.5538158416748047
0.5120112895965576
0.556602418422699
0.5316341519355774
0.5708394646644592
0.47269684076309204
0.47406601905822754
0.39591458439826965
0.7340202331542969
0.7004128694534302
0.6756866574287415
0.6437784433364868
0.6747511625289917
0.6975736021995544
0.6136757135391235
0.6185017824172974
0.6011584401130676
0.5951326489448547
0.6249880194664001
0.5817034840583801
0.5990779399871826
0.5845059156417847
0.6240904927253723
0.5895547866821289
0.6195403337478638
0.5851795077323914
0.5147603750228882
0.5895922780036926
0.5767092108726501
0.6118906736373901
0.5985564589500427
0.5453411936759949
0.4514131546020508
0.614719569683075
0.5738704204559326
0.5547988414764404
0.4948666989803314
0.5121173858642578
0.446679949760437
0.4520343840122223
0.727685272693634
0.7039981484413147
0.7007947564125061
0.6721451878547668
0.6595402359962463
0.6211275458335876
0.6397934556007385
0.635943591594696
0.6103100776672363
0.6065908074378967
0.5859845876693726
0.5732252597808838
0.6024026870727539
0.5980184078216553
0.5688700675964355
0.6396237015724182
0.5769250392913818
0.5706759095191956
0.6191610097885132
0.523957371711731
0.5462808012962341
0.5609197020530701
0.5379006862640381
0.5400069952011108
0.5678005218505859
0.5279149413108826
0.5451586246490479
0.49575164914131165
0.5266713500022888
0.5004814863204956
0.4562012553215027
0.39595043659210205
0.7105401754379272
0.6848905682563782
0.6795240640640259
0.6695330739021301
0.6751757860183716
0.6532605290412903
0.6597225666046143
0.6324566006660461
0.6742210984230042
0.6148391366004944
0.6284134984016418
0.6087474226951599
0.5939449667930603
0.62392258644104
0.5921320915222168
0.514388918876648
0.6150739192962646
0.6092758178710938
0.6366057991981506
0.5644506216049194
0.5639566779136658
0.6078165769577026
0.5397223234176636
0.5396623611450195
0.5813172459602356
0.5981388688087463
0.5728772878646851
0.5206407904624939
0.5317731499671936
0.5445679426193237
0.5222707986831665
0.3442511260509491
0.7287094593048096
0.7360754013061523
0.6872866153717041
0.654077410697937
0.6886693835258484
0.6983720660209656
0.648493230342865
0.6363869309425354
0.6214228272438049
0.6138606071472168
0.6395021080970764
0.6073035597801208
0.5617690086364746
0.597300112247467
0.6353564262390137
0.6120657920837402
0.6293941736221313
0.5727454423904419
0.5505201816558838
0.5428194403648376
0.5561755895614624
0.5442912578582764
0.5454336404800415
0.5691929459571838
0.5570759177207947
0.5787294507026672
0.5588518381118774
0.5664501786231995
0.5779202580451965
0.4172636866569519
0.5232076644897461
0.45451682806015015
0.7279459834098816
0.6623210310935974
0.6961377263069153
0.6728398203849792
0.7040212750434875
0.6487362384796143
0.6031923890113831
0.6105570793151855
0.6823359727859497
0.6552814245223999
0.6193165183067322
0.5901487469673157
0.688136637210846
0.5961652398109436
0.5034600496292114
0.5981823205947876
0.54193115234375
0.5996983647346497
0.6175624132156372
0.5883753299713135
0.5808261632919312
0.5504730343818665
0.6220447421073914
0.5290050506591797
0.377920538187027
0.5417566895484924
0.576816201210022
0.542535126209259
0.557761549949646
0.5037174224853516
0.5506028532981873
0.432024747133255
0.7086640000343323
0.6874134540557861
0.7058068513870239
0.67925626039505
0.66408371925354
0.6370928287506104
0.6315636038780212
0.6519338488578796
0.6109927892684937
0.6354928016662598
0.6201397180557251
0.6373874545097351
0.6254667043685913
0.608087956905365
0.5618059635162354
0.611379086971283
0.5805079340934753
0.5590842962265015
0.5803541541099548
0.5926023125648499
0.5302217602729797
0.547893762588501
0.6601370573043823
0.6309103965759277
0.5769447684288025
0.4761992394924164
0.5306686758995056
0.5739105939865112
0.4212258458137512
0.5661871433258057
0.547715425491333
0.41597139835357666
0.6894114017486572
0.6809049844741821
0.6670879125595093
0.6565375924110413
0.664166271686554
0.659630298614502
0.6235185265541077
0.6420386433601379
0.606590211391449
0.6381064653396606
0.5890392661094666
0.5376433730125427
0.5528866052627563
0.5796604752540588
0.6366755962371826
0.5804508924484253
0.5457996726036072
0.5490180850028992
0.5863125324249268
0.5357642769813538
0.540766716003418
0.5943522453308105
0.6059904098510742
0.5450920462608337
0.5305498242378235
0.5115463137626648
0.5510683059692383
0.6025815606117249
0.4768197238445282
0.3721732795238495
0.433830589056015
0.4185802936553955
0.6765793561935425
0.6697573065757751
0.6494393348693848
0.6543383002281189
0.654287576675415
0.6372394561767578
0.5937929749488831
0.6287105679512024
0.6159316301345825
0.6174137592315674
0.5912405848503113
0.583878219127655
0.5983862280845642
0.5451672077178955
0.6173449754714966
0.5009562373161316
0.5629299283027649
0.4940788745880127
0.5752741098403931
0.5913573503494263
0.5540062785148621
0.5619019865989685
0.5458424687385559
0.52447509765625
0.5477997064590454
0.5524541735649109
0.5030115842819214
0.5478426814079285
0.5885031819343567
0.30768513679504395
0.5025877952575684
0.4389183223247528
0.7269644141197205
0.6709341406822205
0.6809329390525818
0.664888322353363
0.6686758995056152
0.6630760431289673
0.6139887571334839
0.6186631917953491
0.6365178227424622
0.6582903265953064
0.5681798458099365
0.5816516280174255
0.5619422793388367
0.593485414981842
0.6289073824882507
0.5882379412651062
0.5614887475967407
0.5664103031158447
0.5431045293807983
0.5887951254844666
0.5514177680015564
0.5312036871910095
0.558792233467102
0.5635887384414673
0.6088401079177856
0.5805069804191589
0.5541695356369019
0.5509535074234009
0.5410824418067932
0.5089631080627441
0.47024840116500854
0.4717939496040344
0.696017324924469
0.7282079458236694
0.6455013155937195
0.6484581828117371
0.6574553847312927
0.6096131205558777
0.6740904450416565
0.6018599271774292
0.6278602480888367
0.6021594405174255
0.5914597511291504
0.6175475120544434
0.5978350639343262
0.5085713863372803
0.5244473218917847
0.5807395577430725
0.487663209438324
0.5050626397132874
0.5044243335723877
0.5943623781204224
0.44368937611579895
0.543664813041687
0.5139696598052979
0.5582727193832397
0.6159093379974365
0.531428873538971
0.5969652533531189
0.4970744550228119
0.5097402334213257
0.4655155539512634
0.48037993907928467
0.4551078975200653
0.7133867740631104
0.6655041575431824
0.6923668384552002
0.6551259160041809
0.6342324018478394
0.6569555997848511
0.6311885714530945
0.6165022253990173
0.6541598439216614
0.6032562851905823
0.6040566563606262
0.5789501667022705
0.6172862648963928
0.605481743812561
0.6383541822433472
0.6039871573448181
0.5798656344413757
0.510318398475647
0.6046655774116516
0.556237518787384
0.5879330039024353
0.5909448862075806
0.545729398727417
0.5381653904914856
0.44756847620010376
0.48761147260665894
0.5252718925476074
0.5707244873046875
0.43449586629867554
0.5313572287559509
0.4563823938369751
0.3650404214859009
0.6919902563095093
0.6938344240188599
0.6650968194007874
0.6633037328720093
0.6271852254867554
0.6861143112182617
0.6671778559684753
0.6102410554885864
0.5768724679946899
0.6110671162605286
0.6258891820907593
0.6197865009307861
0.577756404876709
0.6091173887252808
0.5814116597175598
0.5686193108558655
0.5447339415550232
0.6138637661933899
0.5856005549430847
0.5888345837593079
0.5809928774833679
0.6009675860404968
0.5801624655723572
0.560263991355896
0.5652177333831787
0.4792240858078003
0.5310772061347961
0.5017980337142944
0.48245537281036377
0.5639824271202087
0.4566050171852112
0.4666769504547119
0.6841105222702026
0.7124903202056885
0.6699550151824951
0.6597912311553955
0.6294023990631104
0.6129481196403503
0.6358488202095032
0.6075093150138855
0.6094239354133606
0.6271546483039856
0.601685106754303
0.5844144821166992
0.6002816557884216
0.6014016270637512
0.598240852355957
0.5816049575805664
0.644765317440033
0.5708860158920288
0.6241638660430908
0.4985566735267639
0.5953289866447449
0.5417238473892212
0.5269862413406372
0.5658817291259766
0.47879141569137573
0.5474859476089478
0.5544295310974121
0.48414960503578186
0.5604087710380554
0.5120921730995178
0.4675843119621277
0.4108818471431732
0.7154533267021179
0.6638853549957275
0.6823935508728027
0.668576717376709
0.6360992193222046
0.6532317399978638
0.6233313083648682
0.6390268802642822
0.6037311553955078
0.6691544055938721
0.6116242408752441
0.563854455947876
0.5816949605941772
0.6083493828773499
0.6691932678222656
0.5493757128715515
0.5665518641471863
0.5278078317642212
0.5732098817825317
0.61362224817276
0.6035318374633789
0.6053188443183899
0.5760468244552612
0.5805432200431824
0.55368572473526
0.5168900489807129
0.5288751125335693
0.554794430732727
0.5083585977554321
0.5124289393424988
0.44439834356307983
0.42943212389945984
0.7390490770339966
0.6743208169937134
0.6691397428512573
0.6840879917144775
0.6922029852867126
0.6784374117851257
0.6186029314994812
0.6512068510055542
0.6317912936210632
0.614337146282196
0.652066171169281
0.5904550552368164
0.5838954448699951
0.5932735204696655
0.6235257983207703
0.5305070281028748
0.5161817073822021
0.5536109805107117
0.6187925338745117
0.5025889277458191
0.6225051879882812
0.5630152225494385
0.5709609389305115
0.5611396431922913
0.4203704297542572
0.5596001148223877
0.5309521555900574
0.47915390133857727
0.5417459011077881
0.5116838812828064
0.5209062099456787
0.477029412984848
0.7334752082824707
0.7149233222007751
0.7018911838531494
0.6903415322303772
0.6471496820449829
0.7081607580184937
0.6155475974082947
0.6460521817207336
0.6099126935005188
0.646615207195282
0.6491031646728516
0.6313676238059998
0.6254125237464905
0.6274494528770447
0.592785656452179
0.5872048139572144
0.5599859356880188
0.5778096914291382
0.5818953514099121
0.5337187051773071
0.5203794836997986
0.4442359507083893
0.5567931532859802
0.4774954915046692
0.5200283527374268
0.548370897769928
0.5141870975494385
0.5597805976867676
0.537946879863739
0.5477728843688965
0.4415542483329773
0.4752082824707031
0.6856194734573364
0.6735286712646484
0.6684532761573792
0.6525244116783142
0.6665899157524109
0.6625572443008423
0.6341772079467773
0.6110433340072632
0.647942066192627
0.6407527923583984
0.6425995230674744
0.6072458624839783
0.5901385545730591
0.5556755661964417
0.6215816140174866
0.5509620308876038
0.5472426414489746
0.5959680676460266
0.605288565158844
0.5510536432266235
0.6071727871894836
0.5433942079544067
0.5867010354995728
0.5268349051475525
0.4959828853607178
0.533217191696167
0.575285792350769
0.5839401483535767
0.48393580317497253
0.5948574542999268
0.5065943598747253
0.4944862425327301
0.7537329196929932
0.7101356983184814
0.683835506439209
0.6346901655197144
0.6425713300704956
0.669235110282898
0.6316879391670227
0.6490745544433594
0.6203718781471252
0.6417133212089539
0.5878104567527771
0.5658770799636841
0.6080086827278137
0.5844596028327942
0.5310822129249573
0.5870091915130615
0.585185170173645
0.5708613395690918
0.5154725313186646
0.5447393655776978
0.5220287442207336
0.5901650190353394
0.5791080594062805
0.5929211974143982
0.6138792634010315
0.568289577960968
0.48967716097831726
0.4389441907405853
0.4903385639190674
0.4738091826438904
0.4133284389972687
0.44648998975753784
0.694522500038147
0.6728273034095764
0.66171795129776
0.636669933795929
0.6202223896980286
0.6551728844642639
0.5990121364593506
0.6009529829025269
0.60469651222229
0.6490700244903564
0.5817579030990601
0.6024261713027954
0.5540257096290588
0.5639793276786804
0.6440615653991699
0.5533905029296875
0.6142684817314148
0.5879980325698853
0.5869297981262207
0.5854912996292114
0.5437895655632019
0.5249339938163757
0.5931525826454163
0.5564810633659363
0.5285974144935608
0.4838763475418091
0.5438501834869385
0.49011173844337463
0.4724534749984741
0.5043869018554688
0.4446564316749573
0.4248823821544647
0.7442154288291931
0.648025631904602
0.6752170920372009
0.6626487374305725
0.6427527070045471
0.6444839835166931
0.6115663051605225
0.6097198128700256
0.6160033345222473
0.6096640825271606
0.5874269008636475
0.5863348245620728
0.5860286355018616
0.5700928568840027
0.5251669883728027
0.5257836580276489
0.5299782156944275
0.5227628350257874
0.5888620615005493
0.4766150414943695
0.5768542289733887
0.5763474106788635
0.528020977973938
0.5513790249824524
0.5701507925987244
0.5358035564422607
0.5905687808990479
0.540668249130249
0.4969923794269562
0.5043672919273376
0.4199460744857788
0.4140918552875519
0.6709027290344238
0.672799825668335
0.6924375891685486
0.6693088412284851
0.6249793767929077
0.6303814053535461
0.6433142423629761
0.6124992966651917
0.6159147024154663
0.567824125289917
0.5950859785079956
0.5896573662757874
0.6235846281051636
0.5092161297798157
0.5932381749153137
0.5762265920639038
0.6000411510467529
0.6011670231819153
0.49395009875297546
0.5910928845405579
0.5230744481086731
0.5754760503768921
0.5388407707214355
0.5078468918800354
0.537311315536499
0.5582323670387268
0.5398498773574829
0.5657970309257507
0.47048065066337585
0.43170487880706787
0.5318782329559326
0.45246821641921997
0.6985712051391602
0.6751222610473633
0.6545458436012268
0.6522241830825806
0.6372203230857849
0.660808265209198
0.6646670699119568
0.6262558102607727
0.5993412137031555
0.6130978465080261
0.6181250214576721
0.6294745802879333
0.583948016166687
0.5795638561248779
0.532617449760437
0.6059242486953735
0.5773257613182068
0.6195160150527954
0.5744059085845947
0.5363837480545044
0.5669056177139282
0.5279329419136047
0.5961427092552185
0.5978507399559021
0.5579452514648438
0.49817579984664917
0.5583484172821045
0.49094802141189575
0.49361371994018555
0.5298840999603271
0.4034695327281952
0.43846678733825684
0.7076379656791687
0.6760160326957703
0.708439826965332
0.6383460760116577
0.6606394648551941
0.6518161296844482
0.6133937835693359
0.6325514912605286
0.6060407161712646
0.666736364364624
0.6415970325469971
0.5669533014297485
0.6135231256484985
0.6222583055496216
0.5332959294319153
0.5625607371330261
0.5181520581245422
0.5429092049598694
0.46828433871269226
0.6019416451454163
0.575630247592926
0.5627442002296448
0.5542211532592773
0.5408814549446106
0.585328996181488
0.5151749849319458
0.506572425365448
0.5510744452476501
0.5033574104309082
0.4939675033092499
0.4819725453853607
0.36949393153190613
0.6856047511100769
0.6615815758705139
0.6750002503395081
0.6825029850006104
0.6282153725624084
0.6453472971916199
0.6390478014945984
0.5927372574806213
0.6430416107177734
0.6239215135574341
0.5555980205535889
0.6363704204559326
0.6286936402320862
0.6427745819091797
0.5975326895713806
0.5679469704627991
0.5023205876350403
0.5391858220100403
0.5796361565589905
0.5103017091751099
0.5379757285118103
0.600727915763855
0.554608941078186
0.5788626670837402
0.5472163558006287
0.5599833130836487
0.5611209869384766
0.5632480978965759
0.5150688886642456
0.5033294558525085
0.46533089876174927
0.3028872013092041
0.6953724026679993
0.7049393653869629
0.6631073355674744
0.6804385781288147
0.6566813588142395
0.6358411312103271
0.6051339507102966
0.6248038411140442
0.6046020984649658
0.6018228530883789
0.6213154792785645
0.5944021940231323
0.6307552456855774
0.5854395031929016
0.5506842136383057
0.5939400792121887
0.5023905634880066
0.5852718353271484
0.4948456585407257
0.5959070920944214
0.5418060421943665
0.5462955832481384
0.5229484438896179
0.529326856136322
0.5633389353752136
0.5715965032577515
0.5572110414505005
0.5358415842056274
0.5221428871154785
0.5373797416687012
0.46113041043281555
0.36705660820007324
0.7249016761779785
0.6900327801704407
0.678928554058075
0.6526553630828857
0.6502725481987
0.6310046911239624
0.6507890224456787
0.6307342648506165
0.6441766023635864
0.6156070232391357
0.5618826150894165
0.5725806355476379
0.5840264558792114
0.5852450728416443
0.6331570744514465
0.5780168175697327
0.6083813905715942
0.5551930665969849
0.6260190010070801
0.573772668838501
0.5449036359786987
0.4315977990627289
0.6006475687026978
0.4857443571090698
0.5395426750183105
0.5393157005310059
0.5547161102294922
0.4841524362564087
0.5253187417984009
0.4850306808948517
0.4743521213531494
0.46922728419303894
0.7085884809494019
0.6642199754714966
0.6809155941009521
0.6492058634757996
0.6799479126930237
0.6412256956100464
0.6563054919242859
0.6363529562950134
0.6082358956336975
0.6225966215133667
0.6349994540214539
0.531376302242279
0.5882723927497864
0.5940260291099548
0.5802984833717346
0.6227139234542847
0.5602855682373047
0.47480201721191406
0.5309221148490906
0.569416880607605
0.5565786361694336
0.5739921927452087
0.5245743989944458
0.4625450074672699
0.4676768481731415
0.586608350276947
0.5132502317428589
0.5440741777420044
0.4130018651485443
0.4756431579589844
0.46536675095558167
0.4626341760158539
0.6852150559425354
0.6639918088912964
0.6636966466903687
0.6646480560302734
0.7026515603065491
0.6379371881484985
0.6415393352508545
0.611956000328064
0.6432802081108093
0.6354758739471436
0.5806496143341064
0.6023069024085999
0.5967931151390076
0.6530845761299133
0.5929403305053711
0.6068963408470154
0.5528299808502197
0.5570671558380127
0.5588295459747314
0.5409286022186279
0.5679600834846497
0.5702231526374817
0.5356695652008057
0.5132242441177368
0.5627665519714355
0.5320630669593811
0.5509836673736572
0.5436712503433228
0.4638478457927704
0.5088862180709839
0.433072030544281
0.30101633071899414
0.7118692398071289
0.6949059367179871
0.664100170135498
0.6709377765655518
0.6662556529045105
0.6749112010002136
0.6371257901191711
0.6049476861953735
0.6274614930152893
0.6599344611167908
0.6124727129936218
0.6073623895645142
0.5401084423065186
0.5713129639625549
0.6331619620323181
0.5540975332260132
0.5535792112350464
0.5100178122520447
0.5673716068267822
0.49051761627197266
0.5524751543998718
0.5674325823783875
0.5511196851730347
0.5847031474113464
0.5511193871498108
0.5914725661277771
0.5772250294685364
0.5540274977684021
0.5462417602539062
0.5800846219062805
0.25953763723373413
0.42836830019950867
0.7012952566146851
0.6632916927337646
0.6508040428161621
0.655206561088562
0.655628502368927
0.6703193783760071
0.6157662868499756
0.613423228263855
0.5868974328041077
0.6566433310508728
0.5912315249443054
0.6084684729576111
0.5981396436691284
0.5428285002708435
0.5834112763404846
0.566489040851593
0.5839626789093018
0.6049147844314575
0.5653281807899475
0.586182177066803
0.5383456945419312
0.5280458331108093
0.573291540145874
0.5236515402793884
0.387850284576416
0.5520454049110413
0.5152246356010437
0.4865184724330902
0.5199013948440552
0.4994712173938751
0.49808377027511597
0.3921589255332947
0.7303862571716309
0.6694861650466919
0.6740648746490479
0.6686987280845642
0.6547202467918396
0.6156252026557922
0.6249902844429016
0.5903627872467041
0.6063083410263062
0.5891817808151245
0.5726595520973206
0.560823380947113
0.5965703129768372
0.6229206919670105
0.5297245383262634
0.563174843788147
0.5718420743942261
0.5268017649650574
0.5559535026550293
0.584783673286438
0.5341342091560364
0.5389131903648376
0.49214664101600647
0.40930917859077454
0.5357445478439331
0.5551984310150146
0.5152465105056763
0.4727490544319153
0.5388463139533997
0.5099647045135498
0.47260814905166626
0.4833923876285553
0.6689783334732056
0.6749836802482605
0.6644928455352783
0.6238284707069397
0.655301034450531
0.6750234365463257
0.5930213928222656
0.6004173159599304
0.5834394693374634
0.6088369488716125
0.5959433317184448
0.5924704670906067
0.5568864941596985
0.5803024768829346
0.6120201349258423
0.5304756164550781
0.5638192296028137
0.5701651573181152
0.5288454294204712
0.5729609131813049
0.5499024987220764
0.5379003882408142
0.5965733528137207
0.5559741258621216
0.5750506520271301
0.5247387290000916
0.5165781378746033
0.5287383198738098
0.31078025698661804
0.5009798407554626
0.44552865624427795
0.4325306713581085
0.7010249495506287
0.6645598411560059
0.7030499577522278
0.6344671845436096
0.6502463221549988
0.622269332408905
0.635520339012146
0.5974351763725281
0.6338834762573242
0.5727694034576416
0.576411247253418
0.5391064882278442
0.5833398699760437
0.585108757019043
0.5301973819732666
0.5961660146713257
0.5350393652915955
0.4782821834087372
0.5360509753227234
0.48150333762168884
0.5214499831199646
0.547595202922821
0.5536949038505554
0.49113699793815613
0.5252009630203247
0.5189244151115417
0.48520711064338684
0.47680509090423584
0.5282987356185913
0.44756019115448
0.46454375982284546
0.45113590359687805
0.6950681209564209
0.6675311923027039
0.6491747498512268
0.6413166522979736
0.6520408391952515
0.6604616045951843
0.6519159078598022
0.6401433348655701
0.6037430763244629
0.6412156820297241
0.6053524017333984
0.612650990486145
0.5668741464614868
0.6039905548095703
0.6054040789604187
0.5925807356834412
0.6038541793823242
0.4897134304046631
0.48357513546943665
0.5340296030044556
0.5211880207061768
0.5747451186180115
0.5545713901519775
0.5148621201515198
0.4849007725715637
0.5545220971107483
0.5651949048042297
0.4856727719306946
0.487686425447464
0.40802446007728577
0.4855733811855316
0.3407042324542999
0.7232014536857605
0.6879078149795532
0.6713190078735352
0.649878978729248
0.6587992310523987
0.6328417062759399
0.6128005385398865
0.6538108587265015
0.6554901599884033
0.6555912494659424
0.5828878879547119
0.5547323226928711
0.6322948336601257
0.5174612402915955
0.6280369758605957
0.5822604298591614
0.5719221830368042
0.5207472443580627
0.5499534606933594
0.5142220258712769
0.5505079030990601
0.5549606680870056
0.5146629810333252
0.5648991465568542
0.6161161661148071
0.5230966806411743
0.5407165884971619
0.5444063544273376
0.4855673015117645
0.48369351029396057
0.40232568979263306
0.4264521598815918
0.7111465930938721
0.6758373379707336
0.6472734212875366
0.6610207557678223
0.6783014535903931
0.6357134580612183
0.5989381074905396
0.6357795000076294
0.6120910048484802
0.6203636527061462
0.6336797475814819
0.613254725933075
0.6488418579101562
0.5826731324195862
0.6139235496520996
0.5543855428695679
0.5509135127067566
0.5065246820449829
0.5653277039527893
0.5487592220306396
0.5548135042190552
0.5665162205696106
0.5530617833137512
0.5446028709411621
0.5268662571907043
0.5394461750984192
0.5231236815452576
0.5083297491073608
0.4411502778530121
0.5152571201324463
0.46848803758621216
0.38532644510269165
0.6940561532974243
0.6811595559120178
0.6852343082427979
0.6446132063865662
0.6433131694793701
0.6234970092773438
0.6394610404968262
0.6452577114105225
0.6090737581253052
0.5926002860069275
0.5993455648422241
0.5905096530914307
0.5887435078620911
0.570431649684906
0.5947229266166687
0.5755955576896667
0.55527263879776
0.5753893256187439
0.5878433585166931
0.6013420820236206
0.5148428678512573
0.5445193648338318
0.5447830557823181
0.5870547294616699
0.49651819467544556
0.4992651045322418
0.5924113988876343
0.5197364091873169
0.5193058252334595
0.5145816206932068
0.46683791279792786
0.41781285405158997
0.7272990942001343
0.6603086590766907
0.6695720553398132
0.6878501176834106
0.6414411664009094
0.6629202365875244
0.6173118352890015
0.6146321296691895
0.6067610383033752
0.6358091235160828
0.6463361382484436
0.5888788104057312
0.5326040387153625
0.5984696745872498
0.595892071723938
0.5435841083526611
0.5023773908615112
0.5671949982643127
0.5742416381835938
0.5803612470626831
0.48529982566833496
0.5985498428344727
0.5521034598350525
0.527022123336792
0.5384122729301453
0.488187700510025
0.5303559899330139
0.5175930261611938
0.49241769313812256
0.5340030193328857
0.3971925377845764
0.4110982418060303
0.6941203474998474
0.6714302897453308
0.6636421084403992
0.6592333316802979
0.6673712134361267
0.6560912728309631
0.6468900442123413
0.6235695481300354
0.6611526012420654
0.6078043580055237
0.6135225296020508
0.591289222240448
0.5772253274917603
0.5929235219955444
0.5055464506149292
0.5693148970603943
0.5565842390060425
0.5233995318412781
0.5715484023094177
0.5799711346626282
0.5258655548095703
0.5659008026123047
0.5513378381729126
0.564978837966919
0.4745428264141083
0.45310178399086
0.5632808804512024
0.5380550026893616
0.5262696146965027
0.4837552309036255
0.5222310423851013
0.3806056082248688
0.7016822695732117
0.6903295516967773
0.6358309984207153
0.6371257901191711
0.6299030780792236
0.6431295871734619
0.618899941444397
0.6423347592353821
0.6398628354072571
0.612078845500946
0.6022443771362305
0.6222229599952698
0.5603557825088501
0.5890052318572998
0.6086625456809998
0.5967667102813721
0.5540552139282227
0.5940365195274353
0.579125165939331
0.5769162178039551
0.5399314761161804
0.5939690470695496
0.45504823327064514
0.5920101404190063
0.5128104090690613
0.5075711607933044
0.5871375203132629
0.5283982753753662
0.5286752581596375
0.536675751209259
0.49572011828422546
0.366415411233902
0.7119941115379333
0.6749052405357361
0.6773764491081238
0.6780160665512085
0.6545554399490356
0.6375406384468079
0.6057963967323303
0.6080434918403625
0.6094763278961182
0.6401593685150146
0.5329916477203369
0.6083395481109619
0.5446097254753113
0.5877566337585449
0.5976940393447876
0.5813854336738586
0.5137348771095276
0.5721975564956665
0.4660036265850067
0.5465209484100342
0.6062757968902588
0.5010096430778503
0.5287677645683289
0.5387089848518372
0.5241155028343201
0.5140695571899414
0.549294114112854
0.5265015363693237
0.5039048194885254
0.40288668870925903
0.4176125228404999
0.4339352250099182
0.7088198661804199
0.6595619916915894
0.6578271389007568
0.6634623408317566
0.6428809762001038
0.6411353945732117
0.6109262704849243
0.6385411620140076
0.5631753206253052
0.6128802299499512
0.6434695720672607
0.6037787795066833
0.5891247391700745
0.5515647530555725
0.6038006544113159
0.503891110420227
0.5619655847549438
0.5349936485290527
0.5328498482704163
0.5836806893348694
0.5866852402687073
0.5654212236404419
0.4710465669631958
0.5778466463088989
0.5001233816146851
0.5230579972267151
0.6092349886894226
0.5568976402282715
0.5550546050071716
0.519052267074585
0.5083813071250916
0.470916211605072
0.6830332279205322
0.6570871472358704
0.6966557502746582
0.649137020111084
0.6323716044425964
0.6439015865325928
0.5925057530403137
0.5828078985214233
0.627601683139801
0.6048027873039246
0.5839847326278687
0.6237891316413879
0.5798333883285522
0.6078783273696899
0.597629725933075
0.5207066535949707
0.5405535101890564
0.5732730627059937
0.5524522662162781
0.5622529983520508
0.5138011574745178
0.5079101920127869
0.5367853045463562
0.5142301321029663
0.5229575037956238
0.5558230876922607
0.5155941247940063
0.5215950012207031
0.4017931818962097
0.3817007839679718
0.5040314197540283
0.38035330176353455
0.6774170994758606
0.6766273379325867
0.6359766721725464
0.6499759554862976
0.6510201096534729
0.6168962121009827
0.6173756718635559
0.6269225478172302
0.5909639596939087
0.6119841933250427
0.6010040044784546
0.549647331237793
0.5916616320610046
0.6099270582199097
0.5562085509300232
0.5970187187194824
0.5560153722763062
0.5627805590629578
0.5753984451293945
0.5800090432167053
0.5869311690330505
0.5825322866439819
0.5366698503494263
0.46341460943222046
0.4955558776855469
0.5347930192947388
0.5365436673164368
0.4707058072090149
0.4369082450866699
0.5028498768806458
0.4629368782043457
0.43721213936805725
0.6979297399520874
0.6835299134254456
0.6520188450813293
0.6460697054862976
0.6300988793373108
0.6275722980499268
0.619334876537323
0.5900576710700989
0.5898114442825317
0.6410397887229919
0.6217390298843384
0.5984314680099487
0.5601215362548828
0.6365876197814941
0.5187841057777405
0.5857548117637634
0.5411405563354492
0.5331137180328369
0.5791993141174316
0.571173906326294
0.5048990249633789
0.5405430197715759
0.48399868607521057
0.5482031106948853
0.3876039683818817
0.46940916776657104
0.5326345562934875
0.5529115796089172
0.4991309344768524
0.5024509429931641
0.41079872846603394
0.46149200201034546
0.6867501735687256
0.6556690335273743
0.6859112977981567
0.6289554238319397
0.655008852481842
0.652254581451416
0.6221610307693481
0.6266688704490662
0.590761125087738
0.5869028568267822
0.5602077841758728
0.5450828671455383
0.57127845287323
0.5654978156089783
0.5782122611999512
0.5999753475189209
0.5500816106796265
0.49030983448028564
0.5700061917304993
0.5614547729492188
0.47424450516700745
0.49943315982818604
0.5830678343772888
0.5159544348716736
0.551859974861145
0.5687068104743958
0.5899027585983276
0.5290298461914062
0.5147731304168701
0.4748416841030121
0.4710926115512848
0.41382986307144165
0.7114472389221191
0.6819208860397339
0.6381058096885681
0.6496227979660034
0.6480676531791687
0.6532795429229736
0.6215753555297852
0.6377930641174316
0.6645260453224182
0.5993980169296265
0.5866937637329102
0.5881881713867188
0.5693177580833435
0.5488681793212891
0.5551404356956482
0.5753809809684753
0.5758183002471924
0.54109787940979
0.5778519511222839
0.5203750729560852
0.5217325687408447
0.5376842021942139
0.42134004831314087
0.4343315362930298
0.509257435798645
0.5330068469047546
0.5515153408050537
0.5255693793296814
0.47360819578170776
0.5157395005226135
0.4474237263202667
0.40187251567840576
0.660481333732605
0.6765965223312378
0.656039834022522
0.663792610168457
0.6142488121986389
0.5972320437431335
0.6267170906066895
0.5859473943710327
0.6132969856262207
0.6282309293746948
0.636330783367157
0.5748597979545593
0.6257572174072266
0.5805729627609253
0.5535269379615784
0.5645362734794617
0.5163734555244446
0.6092857718467712
0.4844001829624176
0.5494013428688049
0.571814775466919
0.5423459410667419
0.5160791277885437
0.537187397480011
0.5349476933479309
0.6073380708694458
0.5030669569969177
0.4616529643535614
0.5440329909324646
0.4728459119796753
0.4204552173614502
0.3986375629901886
0.7084946632385254
0.6758815050125122
0.6781387329101562
0.654145359992981
0.6845361590385437
0.6171770691871643
0.6144694685935974
0.5923636555671692
0.6053586602210999
0.5991703867912292
0.571683406829834
0.5595498085021973
0.5673163533210754
0.5487414598464966
0.5893812775611877
0.4686296284198761
0.5293258428573608
0.5780648589134216
0.5077065825462341
0.5253536701202393
0.5855422019958496
0.5511310696601868
0.47002896666526794
0.5049000978469849
0.5508512854576111
0.5324877500534058
0.5090919733047485
0.536274790763855
0.4343823790550232
0.5309275984764099
0.4347897469997406
0.48343604803085327
0.7223583459854126
0.6788923144340515
0.6661248207092285
0.6539484262466431
0.6674755811691284
0.6148713827133179
0.621324896812439
0.6451466083526611
0.6084629893302917
0.6163127422332764
0.5436159372329712
0.6242204308509827
0.5742873549461365
0.6038325428962708
0.6039092540740967
0.5336058139801025
0.5744625329971313
0.5127161741256714
0.5858128666877747
0.6142479777336121
0.5531708002090454
0.5784196257591248
0.5666205883026123
0.46630892157554626
0.4561980664730072
0.5313606262207031
0.5246978998184204
0.5674547553062439
0.5006020069122314
0.5276322960853577
0.4524122178554535
0.4337979555130005
0.7489612698554993
0.6867418885231018
0.6622023582458496
0.693236231803894
0.673146665096283
0.6709728240966797
0.6371778845787048
0.6641680598258972
0.63252192735672
0.6460197567939758
0.5928159356117249
0.6281639337539673
0.5487497448921204
0.6081230044364929
0.5708596706390381
0.6150425672531128
0.5527251958847046
0.5607441663742065
0.6249256134033203
0.5932615995407104
0.5917879343032837
0.601850688457489
0.5508177876472473
0.4778222441673279
0.531010091304779
0.5417814254760742
0.5100311040878296
0.467800110578537
0.5138036608695984
0.466477632522583
0.4801798164844513
0.31397372484207153
0.7099589109420776
0.6777051687240601
0.6483391523361206
0.6395562887191772
0.6526420712471008
0.6279292702674866
0.5965183973312378
0.5818527936935425
0.6030988097190857
0.6470606327056885
0.5665419101715088
0.5663977265357971
0.603639543056488
0.5106735825538635
0.5989363193511963
0.5977746844291687
0.5066355466842651
0.47466516494750977
0.49229103326797485
0.5623147487640381
0.518851101398468
0.5736032724380493
0.5357348322868347
0.5285385251045227
0.5064346790313721
0.48303768038749695
0.5317103862762451
0.5009709596633911
0.5115593671798706
0.5215235352516174
0.46070942282676697
0.4274146258831024
0.7116725444793701
0.7018306255340576
0.6418149471282959
0.6504783034324646
0.650621235370636
0.6394361853599548
0.6258172988891602
0.6299606561660767
0.6058840155601501
0.6246426701545715
0.5831987261772156
0.6312745809555054
0.5445884466171265
0.5863808393478394
0.5990427136421204
0.5859985947608948
0.5828492045402527
0.5710896253585815
0.5088009238243103
0.5707347989082336
0.553107500076294
0.5388239026069641
0.5779634714126587
0.5886438488960266
0.5718573331832886
0.5295500159263611
0.5163972973823547
0.5446085333824158
0.5510971546173096
0.30841338634490967
0.4786217212677002
0.4389772415161133
0.6961851716041565
0.6746408343315125
0.6586102247238159
0.6575028896331787
0.6497592926025391
0.6627779006958008
0.595547080039978
0.6319044828414917
0.614872395992279
0.6188249588012695
0.5954951047897339
0.5646262764930725
0.5883665680885315
0.5501660704612732
0.5721678733825684
0.541193962097168
0.5859130620956421
0.6322847604751587
0.6138205528259277
0.612226128578186
0.5444798469543457
0.5519201755523682
0.606106162071228
0.5040013790130615
0.5869926810264587
0.5415374636650085
0.5304946899414062
0.5033742189407349
0.5373044610023499
0.494528591632843
0.4602808356285095
0.38712403178215027
0.6682780981063843
0.6287268400192261
0.6691930294036865
0.6519272327423096
0.6373939514160156
0.6426907777786255
0.6157999038696289
0.6155293583869934
0.6569677591323853
0.6187632083892822
0.5705075860023499
0.5234209299087524
0.5832342505455017
0.5519482493400574
0.5283864140510559
0.5415612459182739
0.5222800374031067
0.5994420051574707
0.5356422066688538
0.5287928581237793
0.5213064551353455
0.5337339043617249
0.549308180809021
0.4800539016723633
0.5124976634979248
0.5256401300430298
0.5514612793922424
0.5668494701385498
0.4928992986679077
0.46256139874458313
0.4813356399536133
0.39867451786994934
0.6883377432823181
0.6588171720504761
0.6949003338813782
0.6691107153892517
0.630720317363739
0.6156341433525085
0.5894721150398254
0.6340940594673157
0.6222863793373108
0.6188870072364807
0.6075717806816101
0.5821363925933838
0.5725259780883789
0.5383918881416321
0.5775179266929626
0.5992745161056519
0.49636632204055786
0.5648022294044495
0.6028388738632202
0.5258843302726746
0.5252049565315247
0.5939537286758423
0.5963296294212341
0.5008769035339355
0.5981740951538086
0.5142261385917664
0.5527969002723694
0.4845624566078186
0.5275047421455383
0.5062302947044373
0.41417211294174194
0.2872799336910248
0.7071617841720581
0.694685697555542
0.6325206756591797
0.6327247023582458
0.6195985674858093
0.638984739780426
0.6148556470870972
0.5936639308929443
0.5900633931159973
0.6150712966918945
0.5657361149787903
0.5832290053367615
0.49336332082748413
0.5713920593261719
0.5526529550552368
0.5735962986946106
0.5655596256256104
0.5976273417472839
0.5120546221733093
0.5589011311531067
0.556327223777771
0.5423088073730469
0.5309919714927673
0.5245348811149597
0.5555090308189392
0.5421373248100281
0.51242995262146
0.5323341488838196
0.5192246437072754
0.5213356614112854
0.3853510618209839
0.45497286319732666
0.7039747834205627
0.6520413756370544
0.6148408055305481
0.6228859424591064
0.6405171155929565
0.6161755919456482
0.6458287239074707
0.615081250667572
0.6254109740257263
0.6198955178260803
0.5664787292480469
0.5559003949165344
0.573335587978363
0.5484333634376526
0.6097991466522217
0.5946260094642639
0.5897225737571716
0.4847353398799896
0.5467354655265808
0.5532535314559937
0.5338482856750488
0.5741333961486816
0.5838856101036072
0.45560336112976074
0.5094948410987854
0.5138504505157471
0.4796895384788513
0.4800572693347931
0.46452733874320984
0.2774655818939209
0.5030109286308289
0.39450347423553467
0.6971546411514282
0.6876657605171204
0.6628878116607666
0.6297791004180908
0.6351155042648315
0.6270739436149597
0.5911542177200317
0.5793899893760681
0.5989896655082703
0.6065282225608826
0.60837322473526
0.5458468198776245
0.6030130386352539
0.5863914489746094
0.6048203110694885
0.5600927472114563
0.5613460540771484
0.5906659364700317
0.5164853930473328
0.5464078187942505
0.5238949060440063
0.513546884059906
0.5783469080924988
0.5405299663543701
0.5184430480003357
0.5172994136810303
0.5198551416397095
0.5298227667808533
0.5539834499359131
0.5037727952003479
0.39722001552581787
0.4358559548854828
0.681804358959198
0.6660543084144592
0.651653528213501
0.6393313407897949
0.640425443649292
0.6712427735328674
0.6049257516860962
0.6397501230239868
0.6344283223152161
0.6482693552970886
0.624843955039978
0.6016008853912354
0.5653454661369324
0.5528111457824707
0.50609290599823
0.5341442823410034
0.49311530590057373
0.5080611109733582
0.5705237984657288
0.45445671677589417
0.5143269300460815
0.5312267541885376
0.43124154210090637
0.5419264435768127
0.5415892004966736
0.5297892093658447
0.5082629323005676
0.48467183113098145
0.5608991384506226
0.5396235585212708
0.4308386445045471
0.4290689527988434
0.7209899425506592
0.6831687688827515
0.6849880218505859
0.644995391368866
0.643517792224884
0.6181133985519409
0.619930624961853
0.6433457136154175
0.5867218971252441
0.5932571887969971
0.6080541014671326
0.6011706590652466
0.5859425663948059
0.5951130390167236
0.5672525763511658
0.5604432225227356
0.5428886413574219
0.5430680513381958
0.5425519347190857
0.5133717656135559
0.47584280371665955
0.5591605305671692
0.5955674052238464
0.5355843901634216
0.5124905109405518
0.5194124579429626
0.4896431267261505
0.47671958804130554
0.5587113499641418
0.5102322101593018
0.4578956663608551
0.48815447092056274
0.6991402506828308
0.670466423034668
0.6591200828552246
0.666130542755127
0.622566819190979
0.6423656940460205
0.6331459283828735
0.610710084438324
0.570622444152832
0.6190330982208252
0.619631290435791
0.5913728475570679
0.5885973572731018
0.5974317789077759
0.5185720324516296
0.5600582957267761
0.5606632232666016
0.5609919428825378
0.5991984605789185
0.5760992765426636
0.5293561220169067
0.5587546825408936
0.4935111403465271
0.5423120856285095
0.45649468898773193
0.5259495973587036
0.5394859910011292
0.5111876130104065
0.46953722834587097
0.4941370189189911
0.48750048875808716
0.43063417077064514
0.7249318361282349
0.6726260781288147
0.653377115726471
0.6617059707641602
0.664430558681488
0.6496934294700623
0.6224605441093445
0.5916744470596313
0.5881098508834839
0.5957355499267578
0.5951012372970581
0.5659508109092712
0.5915754437446594
0.5670925974845886
0.5573450326919556
0.5493468046188354
0.5103963017463684
0.5592912435531616
0.5164280533790588
0.5765343904495239
0.513313353061676
0.4931167960166931
0.5345346927642822
0.5510042309761047
0.5545283555984497
0.5703885555267334
0.4868045449256897
0.5080291032791138
0.5247747302055359
0.5052617192268372
0.4835298955440521
0.42230460047721863
0.7060995697975159
0.6528179049491882
0.6988294720649719
0.6392810344696045
0.6908860206604004
0.6041184663772583
0.629304051399231
0.6417226791381836
0.5998863577842712
0.6382395625114441
0.5927775502204895
0.5718132257461548
0.5674236416816711
0.5615453124046326
0.5925014615058899
0.5859166383743286
0.6085145473480225
0.5143172740936279
0.5669485330581665
0.5051852464675903
0.5290094017982483
0.584196150302887
0.566246747970581
0.5639366507530212
0.5193260908126831
0.5154112577438354
0.5419647693634033
0.560440719127655
0.49635496735572815
0.3988862633705139
0.40991008281707764
0.3779412508010864
0.6856512427330017
0.68040531873703
0.6485586762428284
0.655897855758667
0.6508176922798157
0.646642804145813
0.6124179363250732
0.6333092451095581
0.6072008013725281
0.6098340749740601
0.5869853496551514
0.5837917327880859
0.5511976480484009
0.5883165001869202
0.5992839932441711
0.509468138217926
0.5795810222625732
0.6210974454879761
0.4851602613925934
0.5176470279693604
0.5701538920402527
0.5765989422798157
0.5826347470283508
0.5652450919151306
0.4289805293083191
0.5769491195678711
0.5717085599899292
0.4743330776691437
0.4488978385925293
0.5206530690193176
0.5165476202964783
0.4632878601551056
0.7086400985717773
0.681303083896637
0.6776096820831299
0.6863234639167786
0.674527645111084
0.6947311758995056
0.6303816437721252
0.6387035250663757
0.6293075084686279
0.5779685378074646
0.6152515411376953
0.6056408882141113
0.5851622223854065
0.5644389390945435
0.510749101638794
0.6253233551979065
0.5632070302963257
0.5659887194633484
0.5240327715873718
0.586391806602478
0.606404721736908
0.6031579375267029
0.5024892091751099
0.5582853555679321
0.4415491819381714
0.5569636225700378
0.5220879316329956
0.5276297330856323
0.5830295085906982
0.41265904903411865
0.5400040149688721
0.4435630142688751
0.6936251521110535
0.6396120190620422
0.6350437998771667
0.6290642023086548
0.6168785095214844
0.6177783608436584
0.6439991593360901
0.5911490321159363
0.5913335680961609
0.595747709274292
0.5727618336677551
0.5494089722633362
0.5969504714012146
0.583965539932251
0.5661051869392395
0.5565202832221985
0.564889132976532
0.541756272315979
0.5949301719665527
0.5481709241867065
0.45633262395858765
0.5650412440299988
0.5380561351776123
0.46138083934783936
0.5010706782341003
0.5043686628341675
0.5083669424057007
0.4459986090660095
0.4029453992843628
0.4495532512664795
0.438484787940979
0.4303762912750244
0.6660431027412415
0.650285542011261
0.6598653197288513
0.645628035068512
0.6319319009780884
0.6055784821510315
0.5823774337768555
0.5969277620315552
0.5846968293190002
0.5838724374771118
0.5521694421768188
0.5927953720092773
0.5952293872833252
0.610255241394043
0.5204516649246216
0.5368229746818542
0.5525190234184265
0.5385147929191589
0.5638613104820251
0.5435344576835632
0.5123072862625122
0.5495268702507019
0.5328869819641113
0.5081814527511597
0.5402451157569885
0.559287428855896
0.5586690902709961
0.5085490942001343
0.5471357107162476
0.4931797385215759
0.43010157346725464
0.3894817531108856
0.6682890057563782
0.6638955473899841
0.6535643339157104
0.6163268089294434
0.6353521347045898
0.5964043140411377
0.6269294619560242
0.6158713102340698
0.5930792093276978
0.6182613372802734
0.5960508584976196
0.5419474840164185
0.5761970281600952
0.56131911277771
0.5829406976699829
0.5760598182678223
0.6062307953834534
0.4799666106700897
0.4798475503921509
0.48757290840148926
0.5231532454490662
0.5695910453796387
0.5671842694282532
0.5462284684181213
0.49391916394233704
0.4261789619922638
0.5621069669723511
0.4719029664993286
0.49465659260749817
0.5182729959487915
0.4418095052242279
0.3922887146472931
0.7139135003089905
0.6626331806182861
0.6279666423797607
0.6303977370262146
0.6209538578987122
0.624542236328125
0.6215878129005432
0.582537829875946
0.5819401144981384
0.6183567047119141
0.6125131845474243
0.6084278225898743
0.5902739763259888
0.5673109292984009
0.5999941825866699
0.4947512447834015
0.5627599358558655
0.551474928855896
0.5141048431396484
0.5449129939079285
0.5454927086830139
0.5774897336959839
0.5711462497711182
0.5125771164894104
0.5360080003738403
0.45432326197624207
0.5257126092910767
0.49409255385398865
0.42401450872421265
0.28342702984809875
0.44201844930648804
0.4685196578502655
0.7178962230682373
0.6478776335716248
0.6650307774543762
0.6454191207885742
0.6329506039619446
0.6273488998413086
0.6029170155525208
0.6109727025032043
0.6037781834602356
0.6415243148803711
0.6091576814651489
0.560867965221405
0.5448981523513794
0.5534006357192993
0.4989587664604187
0.5569799542427063
0.5594896078109741
0.5491374731063843
0.4739629924297333
0.5087195038795471
0.5909866094589233
0.5864903330802917
0.558687686920166
0.45435523986816406
0.4565652012825012
0.5425017476081848
0.5090641975402832
0.4648658037185669
0.540984570980072
0.4979568123817444
0.43951189517974854
0.292079895734787
0.7179587483406067
0.6691059470176697
0.6790657639503479
0.6342270970344543
0.6374349594116211
0.6824565529823303
0.6172553300857544
0.5902006030082703
0.6335792541503906
0.619640052318573
0.6223722100257874
0.5562953948974609
0.5828038454055786
0.6388429999351501
0.5563700199127197
0.5251154899597168
0.5209303498268127
0.559809684753418
0.5377999544143677
0.5388904213905334
0.5605476498603821
0.5336650609970093
0.5551964044570923
0.4825367033481598
0.5180930495262146
0.5781536102294922
0.5531395077705383
0.4372215270996094
0.5006396770477295
0.5057376027107239
0.5117745399475098
0.4161303639411926
0.6939761638641357
0.6743486523628235
0.6483525633811951
0.6710770130157471
0.6513819694519043
0.6358041167259216
0.6204715371131897
0.6168370842933655
0.6197871565818787
0.615843653678894
0.5724565982818604
0.5522112846374512
0.5355353355407715
0.5453798770904541
0.5978778600692749
0.5454089641571045
0.5090283155441284
0.5742411613464355
0.5367839336395264
0.5397408604621887
0.536458432674408
0.5003593564033508
0.5383596420288086
0.4864676594734192
0.3745476007461548
0.4957009255886078
0.48645147681236267
0.536567747592926
0.4731450080871582
0.49059948325157166
0.5136423110961914
0.4398857057094574
0.6894539594650269
0.6510373950004578
0.6556566953659058
0.6667043566703796
0.663772463798523
0.6625509262084961
0.640814483165741
0.5869613885879517
0.6333907246589661
0.6219300031661987
0.5719868540763855
0.5876786708831787
0.5838597416877747
0.5717105865478516
0.5569057464599609
0.5722441673278809
0.5908767580986023
0.5390978455543518
0.5106467008590698
0.5550124049186707
0.5364623069763184
0.5831307172775269
0.597273588180542
0.48275601863861084
0.5068942904472351
0.5609040856361389
0.5135833024978638
0.5157024264335632
0.4359848201274872
0.43320491909980774
0.4337710440158844
0.43453463912010193
0.6726288795471191
0.6818647384643555
0.6515370011329651
0.6124656796455383
0.6704951524734497
0.6254165172576904
0.6312330961227417
0.59087073802948
0.5821524858474731
0.6791977286338806
0.5455574989318848
0.5957701206207275
0.5580236315727234
0.6072341203689575
0.5398843288421631
0.5994490385055542
0.591932475566864
0.5217561721801758
0.6101392507553101
0.6003209352493286
0.5302054286003113
0.581943690776825
0.5627307891845703
0.5587446093559265
0.5171820521354675
0.5156630873680115
0.49786004424095154
0.5495120882987976
0.5043790936470032
0.4593803584575653
0.44505172967910767
0.4010351300239563
0.7054049968719482
0.6515651345252991
0.6682819128036499
0.6235809922218323
0.6198896169662476
0.6376996636390686
0.6451193690299988
0.6119101643562317
0.5877266526222229
0.6318950057029724
0.6113322377204895
0.5995050668716431
0.5562818050384521
0.5612569451332092
0.6363486051559448
0.4956306219100952
0.580287516117096
0.554284393787384
0.562149167060852
0.543517529964447
0.5370029211044312
0.49749234318733215
0.5575304627418518
0.5558863878250122
0.5458016991615295
0.5398367643356323
0.5443998575210571
0.5287373065948486
0.5059621930122375
0.5549939870834351
0.4681447744369507
0.42584875226020813
0.6771982312202454
0.6842650771141052
0.6789902448654175
0.6648862957954407
0.6284002661705017
0.6550253033638
0.5898383259773254
0.616701602935791
0.6193214058876038
0.6072415709495544
0.5943410992622375
0.5630971193313599
0.5739907622337341
0.5969468355178833
0.6223128437995911
0.5632668137550354
0.5634250640869141
0.5041240453720093
0.4623592793941498
0.49700772762298584
0.5093172192573547
0.5562952160835266
0.5585387349128723
0.5491166114807129
0.5499869585037231
0.48308053612709045
0.5122455954551697
0.5741074681282043
0.4363856613636017
0.4581185579299927
0.45943811535835266
0.47553348541259766
0.6854971051216125
0.6604609489440918
0.6660636067390442
0.624018132686615
0.6195396780967712
0.6263750791549683
0.6296330094337463
0.6535813212394714
0.5912028551101685
0.5962241888046265
0.5900270938873291
0.5844627618789673
0.5662964582443237
0.5350359678268433
0.6106603145599365
0.5407873392105103
0.5421174168586731
0.53956538438797
0.4618808925151825
0.528743326663971
0.5496330261230469
0.560839056968689
0.43120482563972473
0.5333932042121887
0.5302971601486206
0.5358776450157166
0.5115795135498047
0.4826758801937103
0.5052732229232788
0.5203603506088257
0.4375304877758026
0.34387144446372986
0.6895295977592468
0.6456830501556396
0.6406587958335876
0.6256154775619507
0.6432430148124695
0.6396206021308899
0.6228540539741516
0.5911493897438049
0.6004762053489685
0.5815141201019287
0.5871348977088928
0.5793536901473999
0.5521953105926514
0.5530564188957214
0.595963180065155
0.6158929467201233
0.5270031690597534
0.5385715961456299
0.5125874280929565
0.5533371567726135
0.504157543182373
0.5132741332054138
0.5602824687957764
0.49524009227752686
0.5385624170303345
0.45614302158355713
0.4848882853984833
0.45453110337257385
0.5213114619255066
0.48297378420829773
0.4507468044757843
0.3886870741844177
0.6835103034973145
0.6414614319801331
0.6462594270706177
0.6130056977272034
0.6120308637619019
0.6111307740211487
0.5942160487174988
0.582028865814209
0.563711941242218
0.5888034701347351
0.5678408145904541
0.5228973031044006
0.5611706376075745
0.5883139371871948
0.5377811193466187
0.5905444622039795
0.5473721027374268
0.4970833957195282
0.5213975310325623
0.545708179473877
0.5236075520515442
0.5073047280311584
0.5459216833114624
0.5829174518585205
0.5194002389907837
0.5066430568695068
0.5490682125091553
0.5192299485206604
0.5287898778915405
0.49657419323921204
0.4742507040500641
0.38775086402893066
0.6803601980209351
0.6505684852600098
0.6513374447822571
0.6339772343635559
0.640363872051239
0.6694727540016174
0.6066845059394836
0.6044279336929321
0.5824265480041504
0.6036797761917114
0.5798466801643372
0.5925893783569336
0.5573118329048157
0.5542739629745483
0.5437872409820557
0.5531412959098816
0.5513446927070618
0.5598390698432922
0.6083913445472717
0.5329763293266296
0.5294073820114136
0.5474822521209717
0.5660618543624878
0.5166019797325134
0.5110203623771667
0.4784386456012726
0.506476104259491
0.5084844827651978
0.5306864380836487
0.4355063736438751
0.38178279995918274
0.41932985186576843
0.6802411675453186
0.6833423376083374
0.6486924290657043
0.6593688130378723
0.6202732920646667
0.628359317779541
0.5679726600646973
0.5743606090545654
0.5779290199279785
0.6279626488685608
0.5824505090713501
0.5247853994369507
0.5389059782028198
0.5624086856842041
0.5738399028778076
0.5597174167633057
0.4930576682090759
0.5091597437858582
0.530737042427063
0.5337686538696289
0.552638828754425
0.5290051102638245
0.5116062164306641
0.5571219325065613
0.39105966687202454
0.47126394510269165
0.508732795715332
0.5688551664352417
0.42860177159309387
0.4795799255371094
0.4553830623626709
0.3033049702644348
0.6876490116119385
0.6545547842979431
0.6324203014373779
0.6379531025886536
0.6333772540092468
0.5849372744560242
0.6154269576072693
0.6275222897529602
0.5932610630989075
0.5629964470863342
0.61521315574646
0.5958635210990906
0.5748206377029419
0.5662097334861755
0.6053448915481567
0.5849382877349854
0.5203075408935547
0.5026724934577942
0.5795708298683167
0.5522098541259766
0.5298053026199341
0.43936729431152344
0.5690799355506897
0.49663352966308594
0.5265325903892517
0.5505987405776978
0.4824312925338745
0.5489271879196167
0.5374565124511719
0.45732632279396057
0.3997087776660919
0.40359020233154297
0.7136062383651733
0.6794925928115845
0.6225864887237549
0.6344269514083862
0.6304373741149902
0.6034908294677734
0.6243492364883423
0.6049741506576538
0.5896913409233093
0.6163895130157471
0.6331210136413574
0.6066465973854065
0.5909298062324524
0.6208111047744751
0.5602875351905823
0.5648130774497986
0.529716968536377
0.537305474281311
0.589638888835907
0.5728818774223328
0.6049138903617859
0.5183771252632141
0.5198489427566528
0.5398125052452087
0.457840234041214
0.5305048227310181
0.5331034064292908
0.5165421366691589
0.5140681266784668
0.4863412380218506
0.49409377574920654
0.46043264865875244
0.6706445813179016
0.6532394886016846
0.6396712064743042
0.6344457864761353
0.6306902170181274
0.623180627822876
0.5947235226631165
0.5803078413009644
0.6164859533309937
0.5596308708190918
0.6362768411636353
0.5827856659889221
0.5813391804695129
0.5260501503944397
0.6166961193084717
0.5602627396583557
0.5295061469078064
0.5554580092430115
0.5743550062179565
0.5610116720199585
0.49369722604751587
0.5314099788665771
0.577941358089447
0.5266755819320679
0.5309058427810669
0.48826101422309875
0.5674640536308289
0.4856003224849701
0.4334390461444855
0.48698562383651733
0.5070905685424805
0.420545369386673
0.6700106263160706
0.6370448470115662
0.6654133200645447
0.6316362023353577
0.6341105699539185
0.6464080810546875
0.6532374620437622
0.6115036606788635
0.5649741291999817
0.593024492263794
0.5900356769561768
0.5449559688568115
0.6043298244476318
0.5816198587417603
0.577630877494812
