73.24423217773438
71.82750701904297
74.3729019165039
71.43362426757812
71.0849380493164
69.76870727539062
69.00971221923828
69.22566223144531
70.74356079101562
75.06118774414062
74.4058837890625
74.35921478271484
71.8879165649414
72.40532684326172
69.53150939941406
74.2958755493164
73.70645904541016
72.05439758300781
71.64017486572266
70.52034759521484
67.58663177490234
66.7175521850586
71.13762664794922
2.3189239501953125
2.251509428024292
2.3088109493255615
2.3162784576416016
2.292984962463379
2.3155055046081543
2.2574706077575684
2.3434243202209473
2.2357590198516846
2.1979000568389893
2.1794185638427734
2.193120002746582
2.128549814224243
2.1772162914276123
2.2468857765197754
2.108494281768799
1.876401424407959
2.119062900543213
1.974306583404541
1.9590435028076172
1.911700963973999
2.085512399673462
1.9148261547088623
2.002101182937622
1.9621052742004395
1.8931593894958496
1.8148810863494873
1.973496675491333
1.9757893085479736
1.9230496883392334
1.798540472984314
1.6673426628112793
1.5512149333953857
1.4569940567016602
2.343966484069824
2.4074697494506836
2.301769733428955
2.2532567977905273
2.2811155319213867
2.210961103439331
2.2428033351898193
2.2570676803588867
2.2008297443389893
2.3635449409484863
2.300457239151001
2.1809730529785156
2.0046639442443848
2.1909146308898926
1.9195036888122559
1.9197540283203125
2.0828957557678223
1.9480276107788086
1.971691608428955
1.9463101625442505
1.941164255142212
2.10312557220459
2.040919780731201
2.147219181060791
1.9734894037246704
1.7789223194122314
1.9742257595062256
1.9049972295761108
1.9355113506317139
1.68537175655365
1.7055749893188477
1.3885462284088135
2.3636791706085205
2.326411485671997
2.362225294113159
2.329005241394043
2.333024263381958
2.3080573081970215
2.1237707138061523
2.1541566848754883
2.1788692474365234
2.2519311904907227
2.2012505531311035
2.184389114379883
2.1069695949554443
2.241983652114868
2.0789923667907715
2.1471121311187744
2.1033873558044434
2.0320029258728027
2.199798822402954
2.007981777191162
2.0137956142425537
2.130465507507324
2.0017032623291016
2.075103282928467
1.9820175170898438
1.9596205949783325
2.0115044116973877
1.769669771194458
1.7142951488494873
1.585036277770996
1.7373554706573486
1.5321362018585205
2.2407584190368652
2.334186315536499
2.362124443054199
2.388810157775879
2.346029758453369
2.347306251525879
2.37180757522583
2.2590994834899902
2.29365611076355
2.2296900749206543
2.1909584999084473
2.0813980102539062
2.047154188156128
2.123236656188965
2.249298095703125
2.1919662952423096
1.9846103191375732
2.168940782546997
1.956910490989685
1.9577302932739258
1.9562357664108276
2.0955862998962402
2.0516738891601562
1.9775398969650269
1.7746696472167969
2.02101469039917
1.9066451787948608
2.0377750396728516
1.9133338928222656
1.8321185111999512
1.6519310474395752
1.36747407913208
2.2430455684661865
2.366215229034424
2.270339250564575
2.3455424308776855
2.3681583404541016
2.327345132827759
2.2255120277404785
2.2688403129577637
2.10959792137146
2.254624128341675
2.246610164642334
2.114792585372925
2.158686399459839
2.1596498489379883
2.114363193511963
2.1443939208984375
2.3642187118530273
2.3293662071228027
2.2683029174804688
2.377256393432617
2.255741596221924
2.33723521232605
2.2909908294677734
2.2744526863098145
2.145176649093628
2.269989013671875
2.0853466987609863
2.0292818546295166
2.252528190612793
2.1279077529907227
2.194957733154297
2.104935884475708
1.931105613708496
1.9866440296173096
2.0484118461608887
1.8537685871124268
2.0172617435455322
1.9702999591827393
2.0587878227233887
1.8336052894592285
1.9315688610076904
2.005702257156372
1.8927817344665527
1.8627824783325195
1.672212839126587
1.8357104063034058
1.3714118003845215
1.5216668844223022
2.3048644065856934
2.2976036071777344
2.284311294555664
2.2861340045928955
2.1592323780059814
2.370208501815796
2.3229873180389404
2.253187656402588
2.3809804916381836
2.2771501541137695
2.1745996475219727
2.1991758346557617
2.134294271469116
1.9442819356918335
2.1022841930389404
2.1230742931365967
2.1589832305908203
1.7875792980194092
1.8699634075164795
1.9352238178253174
2.0647096633911133
2.0379326343536377
1.99332594871521
1.8297412395477295
1.8123056888580322
1.8133392333984375
1.7758992910385132
1.8114043474197388
1.8165754079818726
1.6566275358200073
1.5901401042938232
1.4114086627960205
2.346163749694824
2.386664628982544
2.254485607147217
2.352165460586548
2.227921485900879
2.2235729694366455
2.2790133953094482
2.2694802284240723
2.0969138145446777
2.229137659072876
2.222370147705078
2.2272090911865234
2.104498863220215
2.0871081352233887
2.1484313011169434
2.1363272666931152
1.9827301502227783
1.9496283531188965
2.034160852432251
2.000438690185547
2.0448110103607178
1.8751792907714844
1.9350974559783936
1.9157397747039795
1.8033311367034912
1.9771499633789062
1.900205373764038
1.822471261024475
1.7793413400650024
1.565964937210083
1.6157383918762207
1.436934232711792
2.220478057861328
2.2803382873535156
2.3780198097229004
2.3377268314361572
2.3159070014953613
2.267646312713623
2.233053207397461
2.1487679481506348
2.3521811962127686
2.1418206691741943
2.2041873931884766
2.2018942832946777
2.0991265773773193
2.1605172157287598
2.0795114040374756
2.1089491844177246
2.1456923484802246
2.1511788368225098
1.9035247564315796
1.9454751014709473
2.0247247219085693
1.963287115097046
2.232133388519287
1.9514894485473633
2.080925941467285
1.9249944686889648
1.8259905576705933
1.8080263137817383
1.8097583055496216
1.541465401649475
1.5606924295425415
1.524216651916504
2.181793451309204
2.210254669189453
2.3422341346740723
2.3321890830993652
2.223576784133911
2.301074504852295
2.2784476280212402
2.2995645999908447
2.1633293628692627
2.2890477180480957
2.175095319747925
2.265197992324829
1.9589297771453857
2.121168613433838
1.8982396125793457
2.085284948348999
2.0823049545288086
2.035006046295166
1.8568733930587769
1.9904567003250122
2.0119924545288086
1.9488680362701416
1.7236971855163574
1.9763824939727783
1.9096022844314575
1.9707973003387451
1.8956388235092163
1.7825359106063843
1.696122646331787
1.9355709552764893
1.63547945022583
1.2895376682281494
2.3011834621429443
2.314876079559326
2.3292460441589355
2.259476661682129
2.358452558517456
2.306320905685425
2.194915771484375
2.205900192260742
2.1380176544189453
2.296708106994629
2.142728328704834
2.1097633838653564
1.9825718402862549
2.133460760116577
1.991133451461792
2.0123000144958496
2.123446464538574
2.011861562728882
2.106785535812378
1.9577223062515259
2.116926670074463
2.026528835296631
1.9627234935760498
1.9846744537353516
1.9102284908294678
1.9075767993927002
1.9796264171600342
1.8631514310836792
1.8988432884216309
1.6138120889663696
1.669818639755249
1.2861095666885376
2.299938917160034
2.395369529724121
2.256129503250122
2.2486658096313477
2.2583162784576416
2.452183723449707
2.286993980407715
2.2122926712036133
2.1117372512817383
2.165351390838623
2.215672492980957
2.081251621246338
2.2182016372680664
2.130523204803467
2.1250762939453125
2.135850667953491
2.200451135635376
2.1391263008117676
1.8681588172912598
1.980942726135254
2.1122097969055176
2.135640859603882
1.9869441986083984
2.008056640625
1.7160179615020752
2.0945911407470703
1.8852555751800537
1.9326419830322266
1.7954087257385254
1.7318989038467407
1.5918095111846924
1.5010799169540405
2.365734100341797
2.3747570514678955
2.3560142517089844
2.2923760414123535
2.3051979541778564
2.2233800888061523
2.2394039630889893
2.2910075187683105
2.1978626251220703
2.1664323806762695
2.151912212371826
2.112717628479004
2.1269848346710205
2.1643753051757812
2.060818672180176
2.234931468963623
2.1195120811462402
2.0585012435913086
2.186368703842163
1.9670413732528687
1.9520390033721924
2.0570216178894043
1.955710530281067
1.9017243385314941
2.0068047046661377
1.7986323833465576
1.871788740158081
1.760706901550293
1.8856816291809082
1.7252514362335205
1.7030341625213623
1.3386292457580566
2.274078130722046
2.333386182785034
2.3370072841644287
2.2988085746765137
2.3597536087036133
2.2848775386810303
2.3228089809417725
2.291269302368164
2.375335931777954
2.1798861026763916
2.314178466796875
2.158234119415283
2.086916923522949
2.219449758529663
2.1317784786224365
1.920964241027832
2.239205837249756
2.161503791809082
2.17075252532959
2.0063796043395996
2.077547788619995
2.073575019836426
1.9990234375
1.9476454257965088
2.027355432510376
2.0402586460113525
1.9726389646530151
1.8033061027526855
1.7849774360656738
1.8668171167373657
1.8022515773773193
1.2745050191879272
2.3788962364196777
2.4629735946655273
2.3005919456481934
2.31832218170166
2.455138683319092
2.4293079376220703
2.3069963455200195
2.284973621368408
2.213853597640991
2.223784923553467
2.2260091304779053
2.1972999572753906
2.0685482025146484
2.1584253311157227
2.230752944946289
2.144104242324829
2.1469125747680664
2.0161798000335693
2.0383474826812744
2.000495433807373
1.9362435340881348
1.9977915287017822
1.9731687307357788
2.003343343734741
1.9670484066009521
2.0747015476226807
1.9611623287200928
1.9943053722381592
1.8921682834625244
1.5304062366485596
1.7168221473693848
1.4864552021026611
2.322591543197632
2.2724626064300537
2.3696963787078857
2.3284530639648438
2.444070816040039
2.3299412727355957
2.150692939758301
2.2536957263946533
2.381044864654541
2.2581446170806885
2.1856307983398438
2.1120176315307617
2.3424558639526367
2.1334846019744873
1.9395782947540283
2.0693297386169434
2.0521209239959717
2.0780673027038574
2.182651996612549
2.1099510192871094
2.080028772354126
2.0838847160339355
2.0857768058776855
1.9478789567947388
1.548321008682251
1.9218695163726807
2.03808856010437
1.9169929027557373
1.8906700611114502
1.7171642780303955
1.761551856994629
1.4232478141784668
2.3206396102905273
2.3374857902526855
2.4184889793395996
2.3758349418640137
2.2879860401153564
2.303922653198242
2.234851121902466
2.260510206222534
2.2247226238250732
2.289320230484009
2.333311080932617
2.2305264472961426
2.2994747161865234
2.1526782512664795
2.1503915786743164
2.167721748352051
2.1374690532684326
2.101931095123291
2.058443784713745
2.1120214462280273
1.9717925786972046
1.9602645635604858
2.218126058578491
2.107534408569336
1.94271981716156
1.839184284210205
1.9151610136032104
1.9218230247497559
1.5270326137542725
1.809424877166748
1.811399221420288
1.4149082899093628
2.200751781463623
2.2778573036193848
2.2611680030822754
2.2574286460876465
2.276494264602661
2.3401174545288086
2.2124099731445312
2.2512435913085938
2.18355655670166
2.2961370944976807
2.146087884902954
1.9874050617218018
2.011953353881836
2.0747766494750977
2.1944122314453125
2.066091537475586
2.030731678009033
1.9737458229064941
2.0414228439331055
1.8637675046920776
1.9495654106140137
2.09574818611145
2.089334487915039
1.8587545156478882
1.897754430770874
1.8298834562301636
1.9120211601257324
2.03277850151062
1.6521936655044556
1.3994507789611816
1.5326663255691528
1.476151466369629
2.2321226596832275
2.185346841812134
2.2342119216918945
2.2340259552001953
2.27490234375
2.24141526222229
2.174049139022827
2.202511787414551
2.143718957901001
2.2471628189086914
2.159365177154541
2.0297677516937256
2.1145167350769043
1.9854743480682373
2.174329996109009
1.8973642587661743
2.0626540184020996
1.9272090196609497
1.972423791885376
2.0009841918945312
1.983985185623169
1.925445318222046
1.932893991470337
1.8564379215240479
1.9887598752975464
1.9239025115966797
1.8074212074279785
1.849625825881958
1.9454861879348755
1.5701537132263184
1.7101974487304688
1.4147288799285889
2.3319251537323
2.2817065715789795
2.293422222137451
2.2664735317230225
2.280698299407959
2.298119306564331
2.2044949531555176
2.1817691326141357
2.2157599925994873
2.2491726875305176
2.0998308658599854
2.0842125415802
2.092022180557251
2.130148410797119
2.1342315673828125
2.113090753555298
2.043292760848999
2.041961908340454
2.008664608001709
1.9957009553909302
1.9362850189208984
2.0031232833862305
1.9831888675689697
1.978452205657959
1.9881342649459839
1.9929218292236328
1.9423246383666992
1.9301596879959106
1.7994647026062012
1.7189834117889404
1.6329967975616455
1.5163955688476562
2.2403652667999268
2.4319381713867188
2.221813201904297
2.2942564487457275
2.358255386352539
2.1884331703186035
2.316082715988159
2.22037410736084
2.179378032684326
2.1720054149627686
2.1284303665161133
2.174215078353882
2.1035611629486084
1.9582475423812866
1.9703881740570068
2.02579402923584
1.9402931928634644
1.8832471370697021
1.8995137214660645
2.0692362785339355
1.7774848937988281
1.9870067834854126
1.8918359279632568
1.9703547954559326
2.0964086055755615
1.9004907608032227
1.8812339305877686
1.7543880939483643
1.6716797351837158
1.624927282333374
1.6520960330963135
1.435828685760498
2.247462749481201
2.2557146549224854
2.3832380771636963
2.2993240356445312
2.216398239135742
2.3165040016174316
2.2579805850982666
2.2252933979034424
2.3417301177978516
2.2126455307006836
2.14029860496521
2.140716791152954
2.2968952655792236
2.1368908882141113
2.247286319732666
2.1302976608276367
2.087155342102051
1.9312512874603271
2.109952449798584
1.9923739433288574
2.1004157066345215
2.0708200931549072
1.993872880935669
1.9286952018737793
1.6568963527679443
1.804319143295288
1.8519554138183594
1.903135061264038
1.5637818574905396
1.7885315418243408
1.569311261177063
1.2769625186920166
2.3383007049560547
2.3207132816314697
2.2760672569274902
2.308356285095215
2.2477617263793945
2.400463819503784
2.4018731117248535
2.302825450897217
2.1081416606903076
2.1736228466033936
2.221266269683838
2.1832473278045654
2.13896107673645
2.1779375076293945
2.115152359008789
2.117908000946045
1.9386136531829834
2.1051149368286133
2.04896879196167
1.996320366859436
2.0447752475738525
2.0768203735351562
2.002567768096924
2.0635147094726562
1.9077472686767578
1.7571830749511719
1.901526689529419
1.8036327362060547
1.733710527420044
1.81892991065979
1.548425555229187
1.4864380359649658
2.2242703437805176
2.411494016647339
2.3319435119628906
2.285984754562378
2.2115304470062256
2.1233129501342773
2.301166296005249
2.2318971157073975
2.2246899604797363
2.23288631439209
2.173020601272583
2.0946075916290283
2.1599602699279785
2.143497943878174
2.19301176071167
2.1161911487579346
2.2026984691619873
2.061744451522827
2.0888898372650146
1.8949739933013916
2.055675506591797
1.9357469081878662
1.9439892768859863
1.931981086730957
1.81110417842865
1.8645482063293457
1.8439112901687622
1.7009427547454834
1.8160631656646729
1.7513010501861572
1.6078670024871826
1.3636139631271362
2.2556700706481934
2.341890335083008
2.2822189331054688
2.291806221008301
2.208138942718506
2.33988618850708
2.201324939727783
2.2693088054656982
2.19191837310791
2.3055500984191895
2.146899461746216
1.9798390865325928
2.14652419090271
2.0757458209991455
2.2626471519470215
2.024162530899048
2.0374271869659424
1.9792675971984863
2.0482709407806396
2.0692529678344727
2.08890700340271
2.0743331909179688
1.9249483346939087
2.0299620628356934
1.9249095916748047
1.855002760887146
1.8764710426330566
1.9643542766571045
1.753387212753296
1.7379658222198486
1.564035415649414
1.4127137660980225
2.377626895904541
2.342378616333008
2.314060688018799
2.3952653408050537
2.360008716583252
2.3779373168945312
2.2001633644104004
2.3100152015686035
2.2312510013580322
2.215653419494629
2.3359150886535645
2.1623103618621826
2.0911970138549805
2.1965270042419434
2.217756748199463
2.033902645111084
2.0201256275177
2.100450038909912
2.120359420776367
1.8235499858856201
2.1318159103393555
1.962465524673462
2.021371841430664
1.9753098487854004
1.7549123764038086
1.9658268690109253
1.9203457832336426
1.6520401239395142
1.852234125137329
1.7202835083007812
1.7079358100891113
1.4195570945739746
2.3461270332336426
2.402233600616455
2.3734846115112305
2.324125289916992
2.258514404296875
2.5022058486938477
2.2544937133789062
2.3191537857055664
2.173219680786133
2.3144969940185547
2.31431245803833
2.2218945026397705
2.1893863677978516
2.2372522354125977
2.1473207473754883
2.0469589233398438
2.0461442470550537
2.0554869174957275
2.0290513038635254
1.9219629764556885
1.8338043689727783
1.7414278984069824
2.016289234161377
1.8741579055786133
1.8012127876281738
2.009884834289551
1.7910674810409546
1.8745818138122559
1.8942890167236328
1.8697543144226074
1.5667479038238525
1.5242717266082764
2.229086399078369
2.323441505432129
2.3088393211364746
2.310335636138916
2.3027892112731934
2.3704633712768555
2.2768774032592773
2.1929433345794678
2.3264431953430176
2.2391293048858643
2.2994942665100098
2.1517040729522705
2.1660826206207275
2.065962553024292
2.1809475421905518
2.0734236240386963
1.996760606765747
2.059084415435791
2.1107170581817627
2.0317130088806152
2.1099698543548584
1.9736562967300415
2.06791615486145
1.861936330795288
1.7813513278961182
1.867674469947815
1.9514788389205933
1.93375563621521
1.6819102764129639
1.8001747131347656
1.6511090993881226
1.6160333156585693
2.3610734939575195
2.365654468536377
2.2891461849212646
2.188168525695801
2.26906156539917
2.312570333480835
2.2367916107177734
2.298801898956299
2.1609127521514893
2.322655200958252
2.1745805740356445
2.090599536895752
2.140951156616211
2.1054458618164062
1.9773212671279907
2.077981948852539
2.0630645751953125
2.0953845977783203
1.9243754148483276
1.9893889427185059
2.042734146118164
2.081216812133789
2.007805109024048
2.0256142616271973
2.097133159637451
2.019960403442383
1.7954394817352295
1.6593223810195923
1.688625454902649
1.638293743133545
1.4876374006271362
1.450179100036621
2.2248785495758057
2.2447354793548584
2.2209274768829346
2.2008233070373535
2.148338794708252
2.274899482727051
2.169292688369751
2.158827543258667
2.1527066230773926
2.297239065170288
2.142559051513672
2.1775095462799072
2.044070243835449
2.023972988128662
2.2257723808288574
2.0745832920074463
2.1249542236328125
2.0270867347717285
1.964288353919983
1.9900999069213867
1.9245061874389648
1.9686005115509033
2.1136651039123535
1.9291605949401855
1.8947110176086426
1.7839961051940918
1.9490022659301758
1.6755414009094238
1.633548617362976
1.7068935632705688
1.4924736022949219
1.404544711112976
2.347111225128174
2.2114038467407227
2.3061141967773438
2.3026671409606934
2.3056182861328125
2.262326240539551
2.155573606491089
2.1796977519989014
2.151069164276123
2.2221930027008057
2.0703632831573486
2.101928234100342
2.069558620452881
2.0623326301574707
1.9863078594207764
1.9933794736862183
2.020965576171875
1.8794442415237427
2.010657548904419
1.877763032913208
2.0194547176361084
2.0244252681732178
1.859440803527832
1.9233460426330566
1.9166975021362305
1.8255195617675781
2.016916275024414
1.7963706254959106
1.6909103393554688
1.634911060333252
1.4984335899353027
1.3865165710449219
2.1716132164001465
2.300097942352295
2.310609817504883
2.287109375
2.170698642730713
2.238872766494751
2.217331886291504
2.1650819778442383
2.145512342453003
2.1196579933166504
2.081942558288574
2.125883102416992
2.1474616527557373
1.8599222898483276
2.0873072147369385
2.0923032760620117
2.0874526500701904
2.078838586807251
1.821608304977417
1.9693565368652344
1.8738654851913452
1.9658197164535522
1.9035985469818115
1.798055648803711
1.9097213745117188
1.9278173446655273
1.8591859340667725
1.868213415145874
1.6741092205047607
1.5639897584915161
1.7276487350463867
1.4282288551330566
2.2404708862304688
2.2749557495117188
2.2564847469329834
2.267972707748413
2.258242607116699
2.316593647003174
2.2861576080322266
2.2056708335876465
2.117713451385498
2.106551170349121
2.1929895877838135
2.190941572189331
2.055105209350586
2.0418245792388916
1.9440422058105469
2.1199820041656494
2.0651118755340576
2.1518263816833496
1.9985182285308838
1.9354791641235352
1.974661946296692
1.8895350694656372
2.041354179382324
1.9855568408966064
1.9105632305145264
1.7496094703674316
1.9249815940856934
1.726165771484375
1.839202880859375
1.7290582656860352
1.348781943321228
1.397705316543579
2.3254306316375732
2.2968850135803223
2.348787784576416
2.172884464263916
2.287447929382324
2.300898551940918
2.2117419242858887
2.1985623836517334
2.1288094520568848
2.2287423610687256
2.2112343311309814
2.034747838973999
2.1166248321533203
2.1862497329711914
2.004751682281494
2.055203676223755
1.9226975440979004
2.0093679428100586
1.8446686267852783
2.049860715866089
2.070167064666748
2.0081183910369873
1.9252731800079346
1.9013261795043945
2.0022058486938477
1.8483669757843018
1.72548508644104
1.8167002201080322
1.6970877647399902
1.647459864616394
1.6221513748168945
1.2888615131378174
2.245896339416504
2.2724404335021973
2.2939648628234863
2.357268810272217
2.2143805027008057
2.251129388809204
2.244933605194092
2.1542916297912598
2.2338905334472656
2.2031002044677734
2.064275026321411
2.2269320487976074
2.220147132873535
2.1785430908203125
2.1589395999908447
2.0462112426757812
1.912449836730957
1.9756337404251099
2.0634331703186035
1.9838727712631226
1.9505375623703003
2.0785610675811768
2.011000394821167
2.028528928756714
1.909820795059204
1.8784050941467285
1.8972671031951904
1.8917090892791748
1.7743666172027588
1.6806986331939697
1.571183443069458
1.1273877620697021
2.280103921890259
2.3385515213012695
2.2497167587280273
2.2940309047698975
2.3030147552490234
2.242715835571289
2.169421434402466
2.214354991912842
2.2179088592529297
2.1830008029937744
2.2168095111846924
2.094597101211548
2.1748743057250977
2.129636287689209
1.9608975648880005
2.0968985557556152
1.8690755367279053
2.0590224266052246
1.8468103408813477
2.0636003017425537
1.8942477703094482
1.9851391315460205
1.8940963745117188
1.9008159637451172
1.8913577795028687
2.0417158603668213
1.9257006645202637
1.8839468955993652
1.7370812892913818
1.7880507707595825
1.601719856262207
1.2383543252944946
2.298550605773926
2.351999044418335
2.3444652557373047
2.2096948623657227
2.258528470993042
2.2385175228118896
2.2395098209381104
2.284724235534668
2.282440185546875
2.177422523498535
2.1024208068847656
2.0557329654693604
2.1208133697509766
2.093808650970459
2.2233920097351074
2.0547118186950684
2.1157021522521973
2.0424253940582275
2.213311195373535
2.0339369773864746
1.9053224325180054
1.7046053409576416
2.0476715564727783
1.9673022031784058
1.8832039833068848
1.8628708124160767
1.8865256309509277
1.7600562572479248
1.7462103366851807
1.6483732461929321
1.6664447784423828
1.4771203994750977
2.3033742904663086
2.2571616172790527
2.2721245288848877
2.2140471935272217
2.313666343688965
2.221024990081787
2.392632484436035
2.259979248046875
2.16532826423645
2.2608513832092285
2.1812663078308105
2.014312744140625
2.108286142349243
2.1567065715789795
2.0527772903442383
2.138918161392212
2.0520920753479004
1.8050799369812012
1.9281518459320068
2.0036354064941406
1.9751601219177246
2.0375592708587646
1.9370719194412231
1.7919890880584717
1.7928650379180908
1.9468889236450195
1.8600033521652222
1.8916478157043457
1.5303928852081299
1.6980383396148682
1.596196174621582
1.5127602815628052
2.228844404220581
2.258254289627075
2.32645320892334
2.3088324069976807
2.39817476272583
2.2503554821014404
2.26224946975708
2.2250499725341797
2.256394386291504
2.2877540588378906
2.0816924571990967
2.1589274406433105
2.0549960136413574
2.2248177528381348
2.076965808868408
2.117680549621582
2.059051990509033
2.0172171592712402
1.947058916091919
1.9230279922485352
2.007232904434204
1.9715129137039185
1.9477866888046265
1.9521830081939697
1.9402880668640137
1.9154942035675049
1.8468835353851318
1.8761632442474365
1.6581363677978516
1.7403459548950195
1.5184890031814575
1.1108776330947876
2.2311794757843018
2.312077760696411
2.273541212081909
2.27437686920166
2.3562302589416504
2.359985828399658
2.2094411849975586
2.2166590690612793
2.2908356189727783
2.309269428253174
2.1348166465759277
2.1740994453430176
2.0017943382263184
2.0982556343078613
2.201197624206543
2.072526693344116
1.9326602220535278
1.9578368663787842
1.996171236038208
1.8066434860229492
1.9991637468338013
2.037755012512207
1.9859622716903687
2.0204455852508545
1.8799960613250732
2.0236902236938477
1.9106528759002686
1.8695343732833862
1.8148250579833984
1.853285551071167
1.4746990203857422
1.3519361019134521
2.2168118953704834
2.23886775970459
2.2479987144470215
2.3006443977355957
2.3100390434265137
2.30641770362854
2.1828575134277344
2.1654956340789795
2.166855812072754
2.243567705154419
2.1923515796661377
2.1497461795806885
2.232522487640381
2.0333003997802734
2.14328932762146
1.996800422668457
2.0740244388580322
2.1190502643585205
1.9980745315551758
2.031418800354004
1.9852113723754883
2.04927396774292
1.9641265869140625
1.8865036964416504
1.618508219718933
1.8611774444580078
1.87796950340271
1.7871289253234863
1.714234471321106
1.6755878925323486
1.7149542570114136
1.3423314094543457
2.302014112472534
2.2662301063537598
2.266879081726074
2.2875311374664307
2.2829675674438477
2.1801915168762207
2.176591634750366
2.1038403511047363
2.189697265625
2.137753963470459
2.040867328643799
1.9556385278701782
2.1145172119140625
2.140503168106079
1.9522771835327148
2.0288798809051514
2.031329870223999
1.8549468517303467
1.9156874418258667
1.9783563613891602
1.8970160484313965
1.8607149124145508
1.789623737335205
1.6949586868286133
1.8435089588165283
1.8197959661483765
1.792687177658081
1.6813911199569702
1.7326173782348633
1.6992454528808594
1.5660498142242432
1.5084471702575684
2.173521041870117
2.2960410118103027
2.255141496658325
2.1702380180358887
2.1833689212799072
2.307316541671753
2.109123945236206
2.1314821243286133
2.0860297679901123
2.17981219291687
2.1088085174560547
2.062915563583374
2.0635757446289062
2.0404341220855713
2.0874245166778564
1.9261897802352905
1.992593765258789
1.9825944900512695
1.8937143087387085
2.0337159633636475
1.94989013671875
1.9002765417099
2.0348074436187744
1.8589980602264404
1.9547479152679443
1.8328955173492432
1.7902488708496094
1.806879997253418
1.5052745342254639
1.6451207399368286
1.4788405895233154
1.3963099718093872
2.1935231685638428
2.2190399169921875
2.2998578548431396
2.2374191284179688
2.261718273162842
2.192518949508667
2.20331072807312
2.134805679321289
2.203153133392334
2.1115095615386963
1.9995055198669434
2.0291757583618164
2.100691318511963
2.0662617683410645
1.9363778829574585
2.070831298828125
1.9559975862503052
1.8673291206359863
1.871762990951538
1.855843186378479
1.885872721672058
1.9438202381134033
1.9309649467468262
1.9200221300125122
1.8189516067504883
1.8162016868591309
1.7194185256958008
1.7271370887756348
1.704423189163208
1.56337571144104
1.5317356586456299
1.395183801651001
2.2303755283355713
2.2489752769470215
2.206578016281128
2.203195810317993
2.291499614715576
2.3224034309387207
2.2687020301818848
2.26267671585083
2.132115364074707
2.2181708812713623
2.1304214000701904
2.184445858001709
2.060126304626465
2.091296911239624
2.145878314971924
2.084634780883789
2.106306314468384
1.876634955406189
1.868401288986206
1.9613949060440063
1.8495128154754639
1.9834243059158325
1.9124627113342285
1.8349295854568481
1.840341329574585
1.9354158639907837
1.906698226928711
1.7058972120285034
1.7103245258331299
1.4926671981811523
1.6465091705322266
1.2065114974975586
2.257960081100464
2.257863998413086
2.2823636531829834
2.233372211456299
2.253817319869995
2.2467129230499268
2.191382884979248
2.3278865814208984
2.241616725921631
2.2167563438415527
2.0986151695251465
2.0138936042785645
2.1100616455078125
1.9329304695129395
2.1715171337127686
2.0430262088775635
2.0467641353607178
1.9477756023406982
1.957709789276123
1.890403389930725
1.9660460948944092
1.962518572807312
1.8256572484970093
1.9290275573730469
2.10703182220459
1.8411865234375
1.90120267868042
1.8299533128738403
1.711289405822754
1.59307062625885
1.45025634765625
1.4039115905761719
2.2420225143432617
2.2764968872070312
2.226377487182617
2.2768898010253906
2.329667568206787
2.205479621887207
2.0974040031433105
2.307676315307617
2.2290730476379395
2.186323404312134
2.2259654998779297
2.130117416381836
2.2089102268218994
2.062439203262329
2.1365160942077637
2.053412437438965
1.9629782438278198
1.8676799535751343
1.981780767440796
1.9021356105804443
1.9435433149337769
2.0197036266326904
2.0123414993286133
1.9595184326171875
1.8066132068634033
1.8370555639266968
1.9349470138549805
1.7277460098266602
1.5965728759765625
1.7062089443206787
1.6333036422729492
1.2455196380615234
2.2280821800231934
2.2982168197631836
2.306100368499756
2.221536159515381
2.2537319660186768
2.2121801376342773
2.2147631645202637
2.256934404373169
2.1550512313842773
2.120466947555542
2.1212356090545654
2.0633955001831055
2.1514501571655273
2.036780834197998
2.0829291343688965
2.0070438385009766
2.0136916637420654
2.0630669593811035
2.050131320953369
2.0586962699890137
1.8993971347808838
1.9031834602355957
1.9637994766235352
1.9536383152008057
1.7925329208374023
1.7975080013275146
1.94317626953125
1.913504719734192
1.8543643951416016
1.764905333518982
1.603337049484253
1.3852769136428833
2.3268446922302246
2.242231845855713
2.2632038593292236
2.321889877319336
2.232487678527832
2.2827377319335938
2.199295997619629
2.2923641204833984
2.1435017585754395
2.241426467895508
2.2292861938476562
2.0896503925323486
1.9562976360321045
2.108180046081543
2.184631586074829
2.002084732055664
1.838518500328064
1.9189035892486572
1.9563148021697998
2.003997325897217
1.8875091075897217
2.067793130874634
1.909685492515564
1.8319218158721924
1.891855239868164
1.7987250089645386
1.7894904613494873
1.6915249824523926
1.685447096824646
1.7710106372833252
1.45881986618042
1.351127028465271
2.2665300369262695
2.2904770374298096
2.2340683937072754
2.2568562030792236
2.269258975982666
2.3326363563537598
2.275465250015259
2.153352737426758
2.2170653343200684
2.203300714492798
2.1711907386779785
2.1201114654541016
2.0794076919555664
2.029299736022949
1.9451521635055542
2.0327162742614746
2.0324857234954834
1.9402941465377808
2.012809991836548
1.9623357057571411
1.9332294464111328
2.0428357124328613
1.9682590961456299
1.9542336463928223
1.7517892122268677
1.6854639053344727
1.851982593536377
1.8717173337936401
1.7868695259094238
1.6567065715789795
1.7304480075836182
1.2634782791137695
2.2316293716430664
2.369995355606079
2.2174646854400635
2.193974256515503
2.261148452758789
2.2408010959625244
2.2326974868774414
2.3118972778320312
2.194079875946045
2.180558204650879
2.206686019897461
2.274216651916504
2.030881881713867
2.0811922550201416
2.135753631591797
2.116396427154541
1.9753090143203735
2.125605583190918
2.0073940753936768
1.951815128326416
1.9536490440368652
1.9904175996780396
1.8309568166732788
2.0601439476013184
1.7797751426696777
1.8010303974151611
1.9876660108566284
1.8001866340637207
1.7676711082458496
1.7287657260894775
1.7427263259887695
1.300484299659729
2.279171943664551
2.282559633255005
2.3323042392730713
2.3594164848327637
2.239961624145508
2.2618212699890137
2.1458282470703125
2.2349491119384766
2.162888288497925
2.30084228515625
1.9097274541854858
2.105966567993164
1.9907820224761963
2.068854331970215
2.046020984649658
2.1190285682678223
1.9695744514465332
1.9576876163482666
1.7948215007781982
1.9491310119628906
2.081958055496216
1.8716917037963867
1.9505045413970947
1.9596538543701172
1.8582777976989746
1.8552073240280151
1.859468936920166
1.7658401727676392
1.7453863620758057
1.4898403882980347
1.4683582782745361
1.4024977684020996
2.2836849689483643
2.2391536235809326
2.2577426433563232
2.3019278049468994
2.213416576385498
2.238018274307251
2.241922378540039
2.2414443492889404
2.0592660903930664
2.1827096939086914
2.234379529953003
2.1672489643096924
2.0967483520507812
2.011465072631836
2.1799910068511963
1.871522068977356
2.0775558948516846
1.9034345149993896
1.9426273107528687
2.0789923667907715
2.035569667816162
1.9501583576202393
1.8797526359558105
1.9631458520889282
1.8522591590881348
1.8053369522094727
2.014040946960449
1.9129977226257324
1.7833571434020996
1.6842942237854004
1.7072863578796387
1.507540225982666
2.206272840499878
2.1906137466430664
2.2960124015808105
2.1989829540252686
2.1769468784332275
2.2430667877197266
2.1232051849365234
2.0847718715667725
2.138732433319092
2.0753235816955566
2.0958399772644043
2.125969886779785
2.016988515853882
2.0856406688690186
2.0522007942199707
1.9415011405944824
1.9585468769073486
2.043722629547119
1.9736871719360352
1.9174917936325073
1.8946168422698975
1.8752241134643555
1.8918023109436035
1.8369171619415283
1.8687227964401245
1.9419862031936646
1.8101377487182617
1.806825041770935
1.4614248275756836
1.3971202373504639
1.6693859100341797
1.320849895477295
2.151078462600708
2.285311698913574
2.1832385063171387
2.2550928592681885
2.2663755416870117
2.1993043422698975
2.1473076343536377
2.2407031059265137
2.1440272331237793
2.1806068420410156
2.0886623859405518
2.024409294128418
2.046292543411255
2.0848147869110107
1.9759552478790283
2.077939033508301
1.9575271606445312
1.982006311416626
1.9675605297088623
1.9893903732299805
2.0230209827423096
2.0465989112854004
1.9407958984375
1.8108139038085938
1.8166038990020752
1.8108875751495361
1.8096003532409668
1.6692733764648438
1.529043436050415
1.6683313846588135
1.5805786848068237
1.4454832077026367
2.187976360321045
2.2975692749023438
2.1493942737579346
2.1881580352783203
2.2150678634643555
2.223132371902466
2.2217519283294678
2.139462947845459
2.1206107139587402
2.223461151123047
2.0724680423736572
2.068161725997925
2.018014669418335
2.217766523361206
1.9240915775299072
2.044248104095459
1.991344928741455
1.862328052520752
1.9722930192947388
1.9002647399902344
1.7782999277114868
1.8709917068481445
1.742215871810913
1.8962748050689697
1.5741612911224365
1.666989803314209
1.8292533159255981
1.8255810737609863
1.7341055870056152
1.6760919094085693
1.4554145336151123
1.4446508884429932
2.1993961334228516
2.221992254257202
2.3251640796661377
2.175398111343384
2.2898342609405518
2.21745228767395
2.1927576065063477
2.2673418521881104
2.0672473907470703
2.1156601905822754
2.0349833965301514
1.9973828792572021
2.005965232849121
2.03153395652771
2.065617799758911
2.0670969486236572
1.9497618675231934
1.822417140007019
1.9713308811187744
1.9204230308532715
1.8691831827163696
1.818180799484253
1.9748718738555908
1.8658192157745361
1.8660662174224854
1.8512455224990845
1.9482319355010986
1.7503397464752197
1.7665376663208008
1.5934025049209595
1.4988183975219727
1.3758201599121094
2.250767946243286
2.286928176879883
2.2061479091644287
2.2367546558380127
2.2316057682037354
2.2733256816864014
2.176438093185425
2.220825672149658
2.3128018379211426
2.1110541820526123
2.0464751720428467
2.0943078994750977
2.016068458557129
1.9459580183029175
2.013437509536743
1.9959259033203125
2.017706871032715
1.942659616470337
1.9804396629333496
1.8938820362091064
1.8977268934249878
1.902387261390686
1.7010903358459473
1.64532470703125
1.748966932296753
1.9639835357666016
1.8112008571624756
1.7941429615020752
1.6123011112213135
1.677539587020874
1.5306239128112793
1.2764484882354736
2.1132972240448
2.3140547275543213
2.2233521938323975
2.268822193145752
2.1405625343322754
2.085294246673584
2.1841700077056885
2.076140880584717
2.2159481048583984
2.143578052520752
2.1926846504211426
1.995753526687622
2.1226611137390137
2.1210672855377197
1.979945182800293
2.017423391342163
1.8945417404174805
2.1721575260162354
1.8440593481063843
1.9555130004882812
1.9977529048919678
1.9679349660873413
1.8689210414886475
1.864193320274353
1.8387765884399414
1.9831445217132568
1.7264800071716309
1.6929017305374146
1.8504713773727417
1.6152759790420532
1.4406464099884033
1.2897663116455078
2.284749984741211
2.279235363006592
2.234062910079956
2.2379133701324463
2.4259300231933594
2.203134775161743
2.212439775466919
2.1291656494140625
2.1473302841186523
2.1853296756744385
2.104539394378662
1.9740679264068604
2.0593838691711426
1.9994175434112549
2.0452394485473633
1.857957363128662
1.9201674461364746
2.0231423377990723
1.8315150737762451
1.9022451639175415
2.05301833152771
1.8611056804656982
1.7313668727874756
1.8375097513198853
1.9018948078155518
1.8286288976669312
1.7885007858276367
1.794214129447937
1.5797505378723145
1.699099063873291
1.433403491973877
1.554020643234253
2.3342034816741943
2.317197322845459
2.2363576889038086
2.257727861404419
2.3013951778411865
2.152144432067871
2.240002155303955
2.267314910888672
2.144834041595459
2.2266650199890137
2.037980079650879
2.1887407302856445
2.1403141021728516
2.146695137023926
2.1307618618011475
1.9750607013702393
2.060889959335327
1.9134087562561035
2.037951946258545
2.0267343521118164
2.011274576187134
2.0114269256591797
1.9969971179962158
1.7590858936309814
1.7186633348464966
1.8221323490142822
1.7616890668869019
1.8820816278457642
1.809151291847229
1.729008674621582
1.550342321395874
1.3471994400024414
2.380826473236084
2.3303325176239014
2.2510359287261963
2.4269959926605225
2.3188514709472656
2.372563123703003
2.2523038387298584
2.255016565322876
2.2262535095214844
2.293424367904663
2.2005724906921387
2.24200439453125
2.0559396743774414
2.0730223655700684
2.064692735671997
2.1227476596832275
2.0026044845581055
2.0075137615203857
2.1866447925567627
2.0427420139312744
2.0231127738952637
2.04889178276062
1.9710794687271118
1.804982304573059
1.882761001586914
1.8257336616516113
1.7269465923309326
1.6899327039718628
1.7117795944213867
1.5989463329315186
1.638892412185669
1.2056180238723755
2.2694668769836426
2.301570415496826
2.2261962890625
2.2242934703826904
2.264451503753662
2.1380410194396973
2.1575839519500732
2.0678482055664062
2.1389551162719727
2.238279104232788
2.0531013011932373
2.0870344638824463
2.120091438293457
1.9169325828552246
2.0585110187530518
2.067535400390625
1.9275842905044556
1.7962422370910645
1.824221134185791
1.979958176612854
1.8371400833129883
1.9919698238372803
1.843436598777771
1.8966948986053467
1.8270485401153564
1.7062170505523682
1.8630298376083374
1.760549545288086
1.7424641847610474
1.6720633506774902
1.5229907035827637
1.469129204750061
2.2837772369384766
2.3055498600006104
2.2261829376220703
2.3030686378479004
2.189850330352783
2.2285349369049072
2.148162364959717
2.2258336544036865
2.1707820892333984
2.179255962371826
2.1341428756713867
2.2041187286376953
1.9961165189743042
2.076023817062378
2.0335612297058105
2.113861322402954
2.0468249320983887
2.0199055671691895
1.8449270725250244
1.953340768814087
1.9294254779815674
1.9428882598876953
2.062366485595703
1.9862679243087769
1.9837675094604492
1.865323543548584
1.8625295162200928
1.8327264785766602
1.7584497928619385
1.5578944683074951
1.6811432838439941
1.4487429857254028
2.2389538288116455
2.2587594985961914
2.196589708328247
2.258882999420166
2.2097790241241455
2.3346872329711914
2.1104350090026855
2.193833827972412
2.1904940605163574
2.1628451347351074
2.118852138519287
1.9879074096679688
2.0319876670837402
2.031672954559326
2.0640807151794434
2.0112879276275635
2.128743886947632
2.1666364669799805
2.0714058876037598
2.068416118621826
1.9716615676879883
2.0065836906433105
2.112586736679077
1.7840553522109985
1.9865179061889648
1.90348219871521
1.8376657962799072
1.7287708520889282
1.7880194187164307
1.6459805965423584
1.5082204341888428
1.2954612970352173
2.131915330886841
2.215695381164551
2.230739116668701
2.1929426193237305
2.210709810256958
2.2624852657318115
2.162944793701172
2.1225008964538574
2.235013723373413
2.222095489501953
2.056645631790161
1.8543627262115479
2.023339033126831
1.945669174194336
1.9094319343566895
1.955998420715332
1.8948376178741455
2.053159713745117
1.9288408756256104
1.9172108173370361
1.843168020248413
1.8494113683700562
1.8543734550476074
1.7345619201660156
1.7807068824768066
1.8823503255844116
1.8277161121368408
1.8749914169311523
1.7400295734405518
1.522160291671753
1.600460171699524
1.344196081161499
2.1851963996887207
2.1746344566345215
2.3111119270324707
2.2538483142852783
2.1855859756469727
2.114851474761963
2.1313717365264893
2.19612717628479
2.1174685955047607
2.150675058364868
2.1046981811523438
2.0201334953308105
1.9791743755340576
1.954525113105774
2.0569863319396973
2.050152540206909
1.8827025890350342
1.9119670391082764
1.9452269077301025
1.8493211269378662
1.895649790763855
2.001112937927246
2.074507474899292
1.8032817840576172
1.960761547088623
1.782485008239746
1.819705605506897
1.7386474609375
1.725175380706787
1.6456897258758545
1.4197349548339844
1.098555564880371
2.2542171478271484
2.3070602416992188
2.1471128463745117
2.1806159019470215
2.1365180015563965
2.251556158065796
2.1680502891540527
2.17706036567688
2.1058425903320312
2.1058237552642822
2.007356643676758
2.0735316276550293
1.7792738676071167
2.0281291007995605
1.9815971851348877
2.0224058628082275
2.0148072242736816
2.0578460693359375
1.8090429306030273
1.9626226425170898
1.9049733877182007
1.914717435836792
1.885087013244629
1.7801213264465332
1.8138978481292725
1.8040246963500977
1.7927334308624268
1.7629716396331787
1.6593947410583496
1.7084259986877441
1.409304141998291
1.4284096956253052
2.264875888824463
2.259075880050659
2.1256814002990723
2.154860734939575
2.193385124206543
2.145735263824463
2.201704740524292
2.1982436180114746
2.151444673538208
2.119415521621704
2.005507469177246
1.9876112937927246
2.0636849403381348
1.904297947883606
2.0724411010742188
1.991250991821289
2.0563154220581055
1.8270635604858398
1.9306929111480713
1.8834255933761597
1.851841926574707
1.9427165985107422
2.0026907920837402
1.6657404899597168
1.8540587425231934
1.812614917755127
1.6918059587478638
1.7057868242263794
1.6254541873931885
1.4736685752868652
1.584996223449707
1.3049135208129883
2.190365791320801
2.3240253925323486
2.2511706352233887
2.1647636890411377
2.2128288745880127
2.2218613624572754
2.088406801223755
2.093442678451538
2.1005568504333496
2.150089979171753
2.1517579555511475
1.9462631940841675
2.0332369804382324
2.004366874694824
2.1246793270111084
1.9841046333312988
1.8942772150039673
2.06109356880188
1.8555229902267456
1.9101262092590332
1.8279093503952026
1.8771929740905762
1.9497897624969482
1.8300716876983643
1.8067436218261719
1.8358882665634155
1.7529242038726807
1.8038398027420044
1.8121447563171387
1.670888900756836
1.4361082315444946
1.401747703552246
2.205247640609741
2.2346012592315674
2.183211326599121
2.1898438930511475
2.1981825828552246
2.261693000793457
2.206272840499878
2.27766752243042
2.228628635406494
2.2224998474121094
2.1353044509887695
2.0944466590881348
2.0223939418792725
2.043353319168091
1.960930585861206
1.9338600635528564
1.8748786449432373
1.845102310180664
1.9057412147521973
1.7066850662231445
1.8865704536437988
2.0324549674987793
1.6836462020874023
1.906907320022583
1.917147159576416
1.7881221771240234
1.7737973928451538
1.6872437000274658
1.7840015888214111
1.7054975032806396
1.4628255367279053
1.3576769828796387
2.3270115852355957
2.2708702087402344
2.2616777420043945
2.2180490493774414
2.2072105407714844
2.249065399169922
2.2298102378845215
2.2337348461151123
2.088207483291626
2.101076364517212
2.1563210487365723
2.125149726867676
2.064030170440674
2.0557994842529297
2.023175001144409
1.9695384502410889
1.9435012340545654
1.9723992347717285
1.8881912231445312
1.864492654800415
1.8317160606384277
1.9241083860397339
2.028371572494507
1.8651084899902344
1.852920413017273
1.8689411878585815
1.7190556526184082
1.6673176288604736
1.802594780921936
1.6589702367782593
1.5620276927947998
1.5079069137573242
2.188039779663086
2.2247867584228516
2.2005224227905273
2.2458627223968506
2.163360357284546
2.257302761077881
2.2195115089416504
2.091811418533325
2.042405128479004
2.1804299354553223
2.18076753616333
2.0572495460510254
2.0962419509887695
2.092195749282837
1.8925104141235352
1.9286444187164307
2.1135027408599854
1.928708791732788
2.058605909347534
1.9310293197631836
1.9111731052398682
1.9813134670257568
1.8107720613479614
1.8025691509246826
1.6396538019180298
1.834768295288086
1.8029886484146118
1.7950937747955322
1.6079864501953125
1.5728302001953125
1.6847426891326904
1.380197286605835
2.2754642963409424
2.2352182865142822
2.2398033142089844
2.260112762451172
2.255535125732422
2.1833412647247314
2.1683616638183594
2.1328115463256836
2.1220717430114746
2.1836822032928467
2.116778612136841
2.0487422943115234
2.0811281204223633
1.9885799884796143
2.021993637084961
2.059983730316162
1.8941218852996826
1.9777989387512207
1.8632631301879883
1.975557565689087
1.8519260883331299
1.7935659885406494
1.8643872737884521
1.8871657848358154
1.9481782913208008
1.9132988452911377
1.717435359954834
1.7399282455444336
1.7640109062194824
1.6237424612045288
1.6173796653747559
1.3076192140579224
2.2410240173339844
2.198723554611206
2.367716073989868
2.2183656692504883
2.3406214714050293
2.1027779579162598
2.207407236099243
2.2180871963500977
2.144871950149536
2.300036907196045
2.10843825340271
2.0504612922668457
2.0216474533081055
2.046797513961792
2.109956979751587
2.032078742980957
2.1424708366394043
1.9780356884002686
1.9819812774658203
1.81556236743927
1.9645715951919556
1.9630072116851807
1.9534790515899658
1.91536545753479
1.7811384201049805
1.7848219871520996
1.8494987487792969
1.8288261890411377
1.6603586673736572
1.5058777332305908
1.4033416509628296
1.242889404296875
2.196359872817993
2.3511478900909424
2.2216014862060547
2.2691354751586914
2.2111661434173584
2.264988422393799
2.126150131225586
2.2547004222869873
2.151061534881592
2.117155075073242
2.051349401473999
2.108154535293579
1.9535558223724365
2.1041228771209717
2.0922751426696777
1.8683191537857056
2.050126075744629
2.09183406829834
1.8278841972351074
1.8225338459014893
1.9486041069030762
1.9986426830291748
2.024486541748047
1.9376075267791748
1.7015568017959595
1.8594624996185303
1.9629563093185425
1.6772286891937256
1.5795836448669434
1.686191201210022
1.759638786315918
1.4459766149520874
2.2567853927612305
2.201416492462158
2.290635347366333
2.348745584487915
2.3230931758880615
2.3037054538726807
2.2051706314086914
2.2250561714172363
2.2264761924743652
2.056779384613037
2.1824846267700195
2.1307473182678223
2.089287281036377
1.999652624130249
1.9079443216323853
2.153974771499634
2.034268617630005
1.9793319702148438
1.91322660446167
2.0093257427215576
2.054804563522339
2.042645215988159
1.8155732154846191
1.9226760864257812
1.8637266159057617
1.9332540035247803
1.8204805850982666
1.8147077560424805
1.918100118637085
1.4796113967895508
1.7891790866851807
1.4798753261566162
2.2388041019439697
2.172494411468506
2.1161224842071533
2.195005416870117
2.091109037399292
2.1556286811828613
2.2157533168792725
2.1429829597473145
2.092710018157959
2.140692710876465
2.076124429702759
1.971257209777832
2.0669636726379395
2.0536766052246094
1.9649426937103271
1.9714199304580688
2.0232648849487305
1.9152776002883911
2.0091030597686768
1.8807528018951416
1.7594475746154785
1.9625288248062134
1.863757848739624
1.7364704608917236
1.7403521537780762
1.7644832134246826
1.6844589710235596
1.5324223041534424
1.4770798683166504
1.547238826751709
1.4860167503356934
1.3971285820007324
2.132345676422119
2.168701171875
2.225715160369873
2.215338945388794
2.1896774768829346
2.112067699432373
2.033781051635742
2.090498924255371
2.038862943649292
2.0366289615631104
1.9458870887756348
2.0338222980499268
2.0697782039642334
2.1178951263427734
1.9420419931411743
1.9843981266021729
1.9443137645721436
1.8810160160064697
1.9928277730941772
1.874631404876709
1.8248813152313232
1.8733010292053223
1.8880157470703125
1.8372323513031006
1.7901368141174316
1.8581454753875732
1.8050763607025146
1.767810344696045
1.677072525024414
1.641524314880371
1.4370290040969849
1.2420949935913086
2.1592183113098145
2.1735191345214844
2.2069480419158936
2.1388511657714844
2.207420587539673
2.0774521827697754
2.1742513179779053
2.1759142875671387
2.0863542556762695
2.120760202407837
2.0329678058624268
1.9826960563659668
2.0365686416625977
1.9226243495941162
2.041063070297241
2.016170024871826
2.116408348083496
1.818278431892395
1.7327358722686768
1.7800860404968262
1.8814079761505127
1.975780725479126
1.9013724327087402
1.8289337158203125
1.7197329998016357
1.6025390625
1.838632583618164
1.6031256914138794
1.694838285446167
1.6492542028427124
1.5430305004119873
1.2899434566497803
2.263943910598755
2.2176449298858643
2.1466851234436035
2.1392784118652344
2.111708164215088
2.166984796524048
2.153667688369751
2.079082727432251
2.06823992729187
2.158196449279785
2.1159369945526123
2.08951997756958
2.034480333328247
1.989081621170044
2.011018753051758
1.8760523796081543
1.9748173952102661
1.9593864679336548
1.8104561567306519
1.819299340248108
1.9347789287567139
1.9137803316116333
1.9720698595046997
1.7360739707946777
1.796403408050537
1.7465145587921143
1.7803459167480469
1.7160675525665283
1.5120395421981812
1.4757187366485596
1.5180004835128784
1.4440507888793945
2.2341575622558594
2.1736602783203125
2.211425304412842
2.2035276889801025
2.16878604888916
2.176417827606201
2.0808587074279785
2.1572892665863037
2.1937520503997803
2.147881269454956
2.0921287536621094
1.9952983856201172
1.9341447353363037
1.9423973560333252
1.8583080768585205
1.9156606197357178
2.023919105529785
1.927520513534546
1.7687065601348877
1.8441181182861328
1.9761316776275635
2.0302178859710693
1.8659462928771973
1.7090485095977783
1.6868565082550049
1.8683608770370483
1.720670461654663
1.6802525520324707
1.7601767778396606
1.666330337524414
1.4429574012756348
1.07095468044281
2.2525157928466797
2.22434139251709
2.293463945388794
2.1567087173461914
2.203139305114746
2.372598171234131
2.1995491981506348
2.1303324699401855
2.1549720764160156
2.216913938522339
2.142852783203125
2.031343698501587
2.0579867362976074
2.1524577140808105
1.9916882514953613
1.888421893119812
1.938449740409851
1.9096477031707764
1.8855438232421875
1.9528510570526123
1.9507575035095215
1.8472907543182373
1.9165377616882324
1.8025131225585938
1.725785493850708
1.920101284980774
1.8794565200805664
1.536757469177246
1.6645768880844116
1.6330569982528687
1.6286332607269287
1.3455917835235596
2.216904640197754
2.222853183746338
2.1574769020080566
2.3150200843811035
2.203854560852051
2.190417528152466
2.127002239227295
2.115691900253296
2.1514182090759277
2.1435935497283936
2.080228567123413
1.9813261032104492
1.9221036434173584
1.925412654876709
2.0426807403564453
1.9186511039733887
1.8881200551986694
2.0259861946105957
1.8506762981414795
1.8815982341766357
1.90297269821167
1.8365660905838013
1.896041989326477
1.746626377105713
1.5368597507476807
1.694664716720581
1.7291920185089111
1.7514952421188354
1.7155215740203857
1.6083370447158813
1.6490559577941895
1.4227659702301025
2.218204975128174
2.193159341812134
2.227109670639038
2.236933469772339
2.2512423992156982
2.262617588043213
2.2162604331970215
2.0429344177246094
2.202885866165161
2.141695737838745
2.068647623062134
2.0515356063842773
2.0500242710113525
2.0387816429138184
1.997423768043518
2.0116350650787354
2.0572404861450195
1.9467447996139526
1.8327285051345825
1.9460816383361816
1.9055930376052856
1.9694368839263916
2.008175849914551
1.8061325550079346
1.7914495468139648
1.8547183275222778
1.7557775974273682
1.745530366897583
1.5283061265945435
1.5210026502609253
1.5538418292999268
1.333164930343628
2.159858226776123
2.3109278678894043
2.238074779510498
2.1326472759246826
2.3381247520446777
2.184335470199585
2.1776046752929688
2.159528970718384
2.0375895500183105
2.329955577850342
2.017695188522339
2.199506998062134
1.949833869934082
2.0891273021698
1.9958391189575195
2.023885726928711
2.1368749141693115
1.8911652565002441
2.007107734680176
1.974212646484375
1.8904178142547607
2.08929705619812
1.9070909023284912
1.9295225143432617
1.7851080894470215
1.797165870666504
1.696861982345581
1.8640766143798828
1.632660150527954
1.578535556793213
1.5205553770065308
1.3031424283981323
2.240485668182373
2.2314109802246094
2.2008891105651855
2.1162161827087402
2.1756491661071777
2.2271225452423096
2.251936674118042
2.1322743892669678
2.124863386154175
2.142707347869873
2.1568641662597656
2.093698263168335
1.9946081638336182
1.9404141902923584
2.136263370513916
1.8504095077514648
2.050886392593384
1.928443193435669
1.9488646984100342
1.8932578563690186
1.8670377731323242
1.8325550556182861
1.8792364597320557
1.8674933910369873
1.959367275238037
1.842665433883667
1.867861270904541
1.7847508192062378
1.712378978729248
1.7726621627807617
1.580601453781128
1.3489596843719482
2.1867785453796387
2.2976205348968506
2.295588254928589
2.2770140171051025
2.1974072456359863
2.284978151321411
2.0386857986450195
2.1718568801879883
2.1826364994049072
2.087620973587036
2.094794750213623
1.959214210510254
2.0431067943573
2.090212106704712
2.1787126064300537
1.992659330368042
1.9855237007141113
1.8804404735565186
1.7487431764602661
1.7454913854599
1.8381614685058594
1.9684557914733887
1.936373233795166
1.8579604625701904
1.854730248451233
1.7464430332183838
1.7832446098327637
1.8237282037734985
1.6088192462921143
1.5989552736282349
1.5139796733856201
1.4916902780532837
2.1820430755615234
2.249150276184082
2.3245739936828613
2.1438634395599365
2.109621047973633
2.1888318061828613
2.196776866912842
2.2839252948760986
2.114156723022461
2.1037161350250244
2.113074779510498
2.0831995010375977
2.0607829093933105
1.908351182937622
2.1122617721557617
1.9707558155059814
1.8715919256210327
1.9789161682128906
1.7518067359924316
1.921149730682373
1.9275741577148438
1.9995625019073486
1.74038827419281
1.8798283338546753
1.8557703495025635
1.793381690979004
1.7672441005706787
1.7653379440307617
1.7302510738372803
1.696796178817749
1.4911415576934814
1.1561028957366943
2.1766419410705566
2.2111942768096924
2.2060561180114746
2.1083319187164307
2.2306056022644043
2.1696412563323975
2.153996229171753
2.087064027786255
2.12137770652771
2.0726687908172607
2.077892780303955
2.0363175868988037
1.9970247745513916
1.927375316619873
2.0840020179748535
2.0763063430786133
1.890519618988037
1.8793885707855225
1.8666419982910156
1.847048282623291
1.7828329801559448
1.819409966468811
1.8945341110229492
1.731760859489441
1.8106722831726074
1.623181700706482
1.6906013488769531
1.6469171047210693
1.6561682224273682
1.595685362815857
1.5449352264404297
1.2659951448440552
2.167637348175049
2.1414761543273926
2.192159652709961
2.119833469390869
2.1423373222351074
2.16802716255188
2.119771957397461
2.0058114528656006
1.9323458671569824
2.0412325859069824
1.999176025390625
1.9029067754745483
1.981215476989746
2.034822463989258
1.9434969425201416
2.0717296600341797
1.912885069847107
1.8581323623657227
1.7901678085327148
1.786760926246643
1.8263318538665771
1.7980067729949951
1.8576161861419678
1.958884835243225
1.8694040775299072
1.8212400674819946
1.7880945205688477
1.7550194263458252
1.8309710025787354
1.5641751289367676
1.522181749343872
1.289002776145935
2.173828601837158
2.164309024810791
2.1808953285217285
2.165975570678711
2.1653103828430176
2.3062961101531982
2.065617799758911
2.1366560459136963
2.0367581844329834
2.0795302391052246
2.0567095279693604
2.0275237560272217
1.9625539779663086
1.975673794746399
1.9845787286758423
1.8686754703521729
1.9736881256103516
1.919163465499878
1.94889235496521
1.8517446517944336
1.8843281269073486
1.8966741561889648
1.949602484703064
1.7831909656524658
1.7378761768341064
1.7022180557250977
1.6845388412475586
1.7047069072723389
1.786604404449463
1.5126709938049316
1.3591468334197998
1.3258614540100098
2.1961417198181152
2.2513773441314697
2.162951707839966
2.2431631088256836
2.1043574810028076
2.1125454902648926
2.020836353302002
2.009152412414551
2.039551019668579
2.136016845703125
2.064995050430298
1.9059295654296875
1.941258192062378
1.9515492916107178
2.0069656372070312
1.924748420715332
1.8440598249435425
1.8471674919128418
1.862422227859497
1.8453830480575562
1.8852216005325317
1.8726181983947754
1.8274726867675781
1.923686146736145
1.6424996852874756
1.7030940055847168
1.757340908050537
1.820014238357544
1.5338661670684814
1.5922056436538696
1.5405585765838623
1.130435585975647
2.1671841144561768
2.2182116508483887
2.157479763031006
2.1569740772247314
2.170670747756958
2.0919389724731445
2.127220392227173
2.1751978397369385
2.074784755706787
2.028315782546997
2.1203341484069824
2.097731113433838
2.0855860710144043
1.9439330101013184
2.0695858001708984
2.0074987411499023
1.9199926853179932
1.9030280113220215
1.9526543617248535
1.8278857469558716
1.8662071228027344
1.7147488594055176
1.887972116470337
1.7441246509552002
1.8487575054168701
1.8763296604156494
1.7108832597732544
1.8350569009780884
1.7137885093688965
1.4652142524719238
1.4088611602783203
1.2924480438232422
2.2886385917663574
2.228337287902832
2.101926803588867
2.198686122894287
2.1423892974853516
2.1126630306243896
2.2045092582702637
2.1596765518188477
2.0707831382751465
2.1354541778564453
2.186246633529663
2.1253294944763184
2.1148712635040283
2.111907720565796
1.9797176122665405
1.975862979888916
1.8829280138015747
1.9183058738708496
2.054800510406494
1.9479308128356934
2.077263832092285
1.8341201543807983
1.8818583488464355
1.8687126636505127
1.70670485496521
1.8158347606658936
1.7656670808792114
1.730700135231018
1.7442412376403809
1.626280665397644
1.5887258052825928
1.4237170219421387
2.157256603240967
2.1915740966796875
2.1415998935699463
2.2258667945861816
2.218588352203369
2.179880142211914
2.1607725620269775
2.134596347808838
2.1839051246643066
2.0664658546447754
2.2170281410217285
2.053105354309082
1.9961483478546143
1.9162793159484863
2.0906639099121094
1.9869203567504883
1.9463093280792236
1.9604159593582153
1.9164353609085083
1.928478479385376
1.7883377075195312
1.8776440620422363
1.9021443128585815
1.8279860019683838
1.7556393146514893
1.6754004955291748
1.862715721130371
1.7999489307403564
1.5729091167449951
1.6418418884277344
1.5938875675201416
1.35426664352417
2.166125774383545
2.161586046218872
2.231325626373291
2.1654176712036133
2.200610637664795
2.2198781967163086
2.2244694232940674
2.156487464904785
2.0324511528015137
2.1603455543518066
2.129716396331787
1.9583531618118286
2.1115827560424805
2.0447847843170166
1.9701306819915771
